67.497825	0.304817
80.912209	0.167617
73.119325	0.163097
96.662015	0.181033
0.011726000000000002	10.088896
80.960599	0.343344
0.010472	10.280596
78.591739	0.331376
0.014104000000000002	8.679044
94.902733	0.151471
0.011502	9.912777
0.010202	10.194556
0.010506	10.371532
69.801318	0.175052
67.16268	0.375857
2.568665	1.666295
57.424937	0.36239
0.01025	10.508003
57.759660000000004	0.162002
86.25907	0.311333
48.05250900000001	0.363987
31.065427	0.523683
59.1934	0.303563
0.011666	10.53825
0.013563	9.518416
86.294341	0.300056
62.33142	0.345442
0.014722000000000002	8.503873
63.73838000000001	0.285486
18.303191	0.705833
0.010794	10.25232
7.533631000000001	1.022434
95.413344	0.271573
0.011165	10.475465
79.784338	0.27009
0.012183	9.378066
0.013612000000000003	8.730121
0.011493	9.709316
0.01025	10.508003
0.01313	8.979131
72.763057	0.207642
6.345613	0.853346
94.902385	0.123636
0.010529	10.462417
92.758569	0.240497
46.637102	0.34351
54.333954	0.293391
0.011442	9.639834
55.373077	0.432158
0.013666000000000001	8.884587
0.012993	9.157268
33.208722	0.417897
39.480228	0.50367
2.526029	1.531555
10.710347	0.881298
93.656263	0.177365
0.017747	7.624745
0.011502	9.912777
34.663744	0.49327
21.141035	0.66552
0.010711	10.105266
63.191606	0.239271
91.998915	0.285543
3.6491050000000005	1.377836
0.015723	8.397241
0.011666	10.53825
13.810327000000001	0.794887
48.506136	0.310405
0.010686	10.076371
10.580201	0.887779
42.380966	0.18885
0.013574999999999999	8.931694
74.679669	0.138879
27.785432	0.574837
6.644694999999999	1.100655
9.430908	0.928343
0.011149	9.771305
98.472492	0.260819
73.37313	0.342769
52.11350800000001	0.290866
18.898061	0.689943
17.848037	0.474156
96.34812600000001	0.302718
71.856261	0.378013
96.662015	0.181033
70.067349	0.14314
47.097359	0.463257
26.776406	0.406641
76.977359	0.157287
24.366674	0.536171
0.012689	9.059849
0.016572	8.232614
0.012303	9.494811
6.144941	1.124203
6.742374	1.064037
32.880184	0.280096
0.01276	9.950302
20.972525	0.617965
0.010606	10.213495
86.957625	0.245309
94.902733	0.151471
18.556443	0.53128
93.853509	0.274129
0.023351	6.791988
75.776104	0.276747
91.576249	0.331821
93.211437	0.160422
77.855197	0.192236
36.40161	0.433037
78.76221	0.178841
4.321252	0.763131
0.012982	9.004589
85.715827	0.314133
65.454871	0.349305
43.61876	0.43178
75.886432	0.343031
0.011239	9.70581
0.013288	9.338976
12.770547000000002	0.819912
13.810327000000001	0.794887
0.012662	9.034456
70.12908	0.165107
79.703636	0.23773
80.30068	0.196694
98.415708	0.285302
92.456894	0.221389
83.051475	0.319599
75.628519	0.372483
92.758569	0.240497
83.553979	0.224836
3.8248920000000006	1.016201
0.011675	9.609756
0.016782	8.308124
51.093628	0.330384
59.599667000000004	0.345002
31.841714	0.357017
71.568941	0.379448
66.643649	0.13224
0.018113	7.945655
0.042355	5.082004
0.012679999999999999	9.28628
59.360282	0.202475
49.842286	0.399177
0.017	7.855546
67.16268	0.375857
61.634707	0.279683
0.012513	9.533587
83.05334	0.27782
44.439823000000004	0.422135
41.373266	0.357054
57.690668	0.181872
86.379418	0.193247
2.894829	1.513215
68.848127	0.262859
4.151005	1.273879
0.016057	8.19332
0.011882	9.530229
87.399857	0.350849
37.120932	0.330566
0.010403	10.360249
0.011685	9.562961
6.117534	1.099846
74.974354	0.250935
64.067114	0.261944
0.012542000000000001	9.392056
0.11631	3.074123
87.399857	0.350849
6.060556	1.073971
85.037405	0.275132
0.013540000000000002	9.071933
0.011745	9.462315
81.098727	0.135496
0.018711	7.62262
96.332551	0.143717
0.010474	10.122536
60.567809	0.385073
5.469771	1.177228
91.998915	0.285543
0.012361000000000002	9.181236
89.842354	0.15779
89.611076	0.24759
88.70370300000002	0.118128
37.071894	0.362874
36.319051	0.451891
92.22215	0.140699
1.340574	2.043282
0.013136999999999998	9.127955
27.607551999999995	0.583908
50.143684	0.384887
69.376498	0.300552
58.186282	0.238433
93.601613	0.292116
52.942655	0.19325
2.950173	1.200572
31.21444	0.241241
0.013953000000000002	8.807461
0.011267	9.71992
0.028613	6.08614
84.53164900000002	0.305726
83.696367	0.250252
9.490321	0.904695
0.021023	7.577198
0.010515	10.023325
83.553979	0.224836
0.010529	10.462417
12.554366	0.722949
0.01276	9.950302
62.436503	0.17198
91.65231	0.15263
78.049169	0.342993
0.01112	9.747579
0.013434	8.777402
0.011558	10.033867
86.957625	0.245309
19.03694	0.620881
0.011641	9.508248
9.381362	0.732036
57.452650999999996	0.332038
1.93368	1.745097
89.57253800000001	0.256588
73.813742	0.311569
73.213976	0.342277
96.423297	0.169502
11.495941	0.471034
62.700018	0.360198
0.02706	6.481745
38.826582	0.194883
0.014297999999999998	8.613904
51.747307	0.376677
41.564855	0.395911
57.816872	0.226008
86.535475	0.327277
0.011125	9.83268
30.233159000000004	0.389609
15.64045	0.675351
0.010764	9.815097
0.012099	9.725005
72.036828	0.246541
12.879931	0.805025
65.908503	0.398008
76.152112	0.286644
33.695694	0.243306
26.920834	0.298676
52.54189300000001	0.420152
7.2328660000000005	0.909107
44.300151	0.266723
77.030687	0.212545
20.128435	0.63167
0.017266	7.798096
95.16545	0.219302
61.108506	0.401569
88.592212	0.191438
10.443527	0.853382
17.723249	0.583427
0.023492	6.903935
71.037178	0.261384
1.512288	2.05438
96.346677	0.257192
17.01176	0.616508
29.576248999999997	0.451387
9.809758	0.514632
4.071688	1.348908
91.767995	0.273571
0.013406	9.221204
0.020349	7.30948
68.032166	0.213112
92.456894	0.221389
0.013826	8.66827
0.017084	8.005429
49.72342400000001	0.200058
0.012716	9.152897
12.519249000000002	0.787081
88.691935	0.214369
66.227624	0.136045
56.472539	0.262341
37.480998	0.5124
17.133302	0.32425
64.926799	0.181597
21.141035	0.66552
62.846557000000004	0.321499
48.806993	0.455743
0.013281	9.402998
47.49561	0.395107
16.598764	0.51065
47.981966	0.408617
38.684668	0.229041
17.127261	0.714198
0.014297999999999998	8.698232
83.68155	0.304732
78.704506	0.168725
91.893813	0.211171
72.641107	0.311602
67.461484	0.390082
58.468659	0.151655
0.018683	7.463382
0.013832000000000002	8.782374
61.606578	0.261901
91.292934	0.338269
78.442373	0.348987
63.08866	0.287399
23.270099	0.605221
0.015148	8.465018
91.6353	0.265649
79.641444	0.322865
0.011767	9.48363
37.569111	0.489197
30.321117000000005	0.251942
0.015493000000000002	8.217734
16.712273	0.723076
30.480565999999996	0.211262
12.879931	0.805025
7.809695999999999	0.991597
75.55437	0.305196
26.769807	0.438606
89.114624	0.227939
30.529397000000003	0.512037
22.21172	0.58149
0.013249	8.910139
32.176749	0.499338
0.037115	5.395515
0.012909	9.440254
53.851644	0.315766
67.819145	0.292874
49.858295	0.249323
80.46133	0.340791
0.018996	7.474231
0.012417999999999998	9.398688
0.011884	9.348756
66.899258	0.259266
52.149923	0.440784
24.991972	0.578146
70.347921	0.297205
90.403085	0.294808
0.025283	6.730324
20.375739	0.655697
84.281832	0.188211
83.761149	0.250427
56.853857	0.421316
41.566621	0.332008
0.028399	6.316087
55.774348	0.389692
32.997672	0.329808
0.016392	8.078139
83.639689	0.325087
0.012627	9.234099
43.390423	0.354859
0.029846	6.119957
91.040493	0.16582
61.91289400000001	0.258382
64.576191	0.365906
0.013504	9.1465
25.975297999999995	0.340327
12.432462	0.367237
88.831084	0.312337
81.473864	0.255012
2.487256	1.577272
77.151864	0.223419
22.062297	0.628685
61.874019000000004	0.41032
69.936365	0.354869
0.011199	9.968371
52.149923	0.440784
46.035208	0.298758
89.95605	0.178867
0.01355	8.753007
0.010613	9.993819
87.654512	0.336432
2.613216	1.50321
68.554537	0.364156
0.01352	8.846487
0.011397	9.652137
0.013161000000000003	9.008622
6.725204999999999	0.821247
90.403085	0.294808
0.015361	8.296952
46.736867	0.344951
83.537666	0.292773
0.022412	7.010189
64.656337	0.263756
66.279913	0.222888
20.593077	0.462231
29.121756000000005	0.465899
26.138717	0.481019
70.06399	0.132186
0.017087	7.944794
48.452466	0.451269
0.011891	9.35127
14.400256	0.77444
66.081151	0.280756
45.476648	0.227093
0.023917	6.659738
5.019949	1.240001
59.935865	0.320066
0.013936000000000002	8.716502
0.014773	8.566923
81.67324	0.124956
74.772777	0.212921
53.14031	0.225143
15.948417000000001	0.735007
0.016861	7.981268
85.642641	0.216346
0.018983	7.714653
0.024578000000000003	6.80313
0.011271	9.79772
34.464865	0.223869
0.010854	9.900835
82.554144	0.127428
77.640537	0.240036
74.729753	0.231637
84.471295	0.147943
22.637056	0.466256
0.014256	8.974001
0.017714	7.772273
0.010935	9.848643
0.017915	7.732729
13.995955000000002	0.595469
0.023031	6.840379
0.014741	8.589723
0.012067	9.248044
68.472414	0.327409
0.022905	7.032332
73.533964	0.198014
88.180992	0.324162
0.014173000000000002	8.741434
41.941838	0.240166
49.651859	0.28624
53.006971	0.336867
89.248719	0.265264
39.349532	0.494013
0.014073000000000002	8.607859
74.876297	0.297617
2.090553	1.725969
78.116242	0.254389
93.211437	0.160422
0.015785	8.207544
5.928306	1.091068
74.468417	0.128795
0.01377	8.920683
89.847812	0.321067
96.742825	0.118272
81.486194	0.328886
41.32461	0.380859
59.811311	0.410725
56.023904	0.265552
64.901607	0.305586
0.018011	7.687773
0.010663	9.985005
54.447584000000006	0.344665
0.030817000000000004	5.871091
72.219499	0.334562
23.147884	0.305341
0.038859	5.34918
0.017127	7.896246
76.166129	0.319256
73.583287	0.150321
0.011191	9.897387
0.011697	9.595114
85.942432	0.274542
9.371101	0.500848
51.75307	0.21788
57.076794	0.424814
31.368446	0.548796
54.121123999999995	0.424004
0.016989	7.894671
34.776482	0.372452
0.012911000000000002	9.141004
8.881612	0.351779
0.011748000000000001	9.62383
3.2289859999999995	1.481549
0.012404000000000002	9.200203
47.230981	0.289903
68.418218	0.209928
7.905243	0.642604
3.632637	1.285522
36.498336	0.382233
0.015376000000000003	8.366631
78.742643	0.306914
76.447616	0.369863
30.059501	0.339078
0.023104	6.960923
0.015607	8.555965
6.645969999999999	0.544102
45.638718	0.31504
79.464231	0.256447
84.605948	0.285164
0.011882	9.299466
84.840626	0.170467
55.820912	0.283633
2.852417	1.524575
11.10715	0.865879
0.020288	7.441807
0.012531	9.550218
0.033875	5.694724
0.22113100000000002	3.14629
0.010395000000000001	10.087966
35.640141	0.415201
77.309028	0.2266
38.489313	0.184397
0.012024	9.473591
20.039606	0.441352
0.014253	8.600867
50.851278	0.311261
40.909315	0.485267
0.014921000000000002	8.667464
0.014489	8.454125
0.01404	8.657009
83.476719	0.206101
0.011675	9.609756
33.553114	0.434609
90.576937	0.178723
86.763589	0.225004
53.758333	0.282767
0.024447	6.599056
0.01599	8.193762
3.019074	1.409762
0.013744	8.994154
0.05128	4.720125
0.038819	5.559922
0.016767	8.16175
0.01107	9.736652
10.902726	0.585712
0.014485	8.524384
5.619289	0.56319
81.395348	0.261253
6.005373	1.073941
0.01199	9.44832
0.012349	9.12186
59.969741	0.179684
85.278287	0.232825
0.016841	8.029699
31.519652000000004	0.44489
23.690347	0.569394
1.658627	1.924689
38.371845	0.253104
86.314477	0.178255
31.33089	0.444579
0.04216	5.10607
0.014743	8.493509
51.50209100000001	0.429472
14.686286	0.745749
16.864665	0.639279
17.278414	0.682017
0.012829	9.078279
45.466644	0.420223
84.658172	0.150196
0.037403000000000006	5.467816
21.255019	0.605853
0.01595	8.237863
0.015862	8.08009
60.643377	0.388267
39.454141	0.431577
49.134377	0.373617
0.010515	10.023325
0.012490999999999999	9.426298
74.755715	0.18984
40.026974	0.361165
79.036695	0.215739
88.725118	0.276416
0.013616	8.743326
22.118428	0.240963
0.027947	6.372584
68.024163	0.198498
0.01404	8.657009
32.039986	0.4278
51.06113	0.340755
89.589932	0.16556
95.337172	0.240362
55.248949999999994	0.400535
79.916417	0.206738
0.016205	8.404599
81.891548	0.178922
48.007296	0.255321
25.960263	0.569176
7.202457	1.016789
70.654553	0.285267
86.294341	0.300056
13.242413	0.390246
21.783672	0.627834
41.327869	0.444105
0.015818	8.366675
8.951042	0.700974
71.169517	0.185794
93.601613	0.292116
0.014624000000000002	8.586887
0.032801	5.746702
0.014002	8.718501
16.945686	0.650779
69.563401	0.31069
0.021499	7.345336
45.267275	0.402345
91.833903	0.150967
69.169539	0.19688
13.032155000000001	0.549867
93.05636	0.118092
48.920182	0.441546
38.115667	0.354008
2.679533	1.599149
69.248143	0.252439
73.749463	0.323168
0.011678	9.643018
78.237004	0.283908
26.274091	0.599884
89.114624	0.227939
90.023253	0.213172
0.014551000000000001	8.790169
0.026199000000000004	6.501881
81.261725	0.329744
0.014248	8.693269
5.794975	0.582803
0.011770000000000001	9.543983
81.29519	0.226881
58.92596600000001	0.401564
52.341357	0.239993
93.788583	0.19902
0.011685	9.562961
0.01107	9.736652
0.011381	9.624407
23.378364	0.322148
54.128073	0.366107
0.012139	9.316731
0.015140000000000002	8.3828
22.367837	0.551101
0.028991	7.025039
34.738168	0.52287
50.085439	0.296025
91.130456	0.141449
0.017112	8.024184
79.728682	0.127446
0.015037000000000002	8.407422
0.012619000000000002	9.174083
0.030674	6.009012
97.762166	0.157471
39.670417	0.426165
78.695697	0.206442
96.825814	0.166111
0.04359	5.823955
0.014847000000000003	8.461225
65.908503	0.398008
52.17100400000001	0.256235
0.018343	7.809295
0.014815	8.479352
64.613756	0.315896
55.383064999999995	0.18805
72.160923	0.128333
60.230361	0.369257
46.77729	0.198006
43.660133	0.335664
56.758160000000004	0.297526
96.425585	0.241654
0.032305	5.747057
0.015746	8.513969
60.537827	0.224628
76.04843	0.202227
86.765186	0.159095
73.843398	0.354659
0.013746	8.835764
50.414674000000005	0.190109
4.902706	1.204767
55.29349	0.175285
2.454337	1.639594
2.552174	1.620012
0.043626	5.848842
77.801906	0.320432
67.2664	0.388513
69.05126	0.324624
32.84618	0.311853
16.467744	0.66574
0.033882	5.684033
55.11963200000001	0.426361
18.397791	0.447659
0.020497	7.307375
82.612045	0.349702
86.455835	0.159868
70.50637	0.241634
0.013462000000000002	9.04727
77.730443	0.196681
0.019705	8.179723
78.816491	0.282963
50.51299	0.233306
75.468377	0.265043
52.822919	0.214694
59.242178	0.292875
73.211679	0.255962
67.688827	0.355024
73.397265	0.288674
29.614926000000004	0.278182
0.018793	7.600162
77.743646	0.272053
33.993333	0.295919
0.184009	2.464475
0.019742	7.445951
6.556807000000001	0.62052
0.01313	9.366934
30.071608	0.422115
63.066553000000006	0.396088
52.765021000000004	0.400574
13.314232	0.466397
0.098043	4.052778
70.048895	0.366194
49.215546	0.433829
76.152112	0.286644
51.747307	0.376677
0.014015	9.170119
43.717431	0.235043
0.012817000000000002	9.281687
50.15156900000001	0.170179
77.539933	0.270643
58.62439700000001	0.343497
39.360643	0.399264
8.04688	0.744016
8.204012	0.84952
75.977605	0.330196
51.874116	0.399154
0.019668	7.404122
60.27644200000001	0.27475
2.785659	1.468722
46.94089	0.355427
0.020704	7.16916
86.054144	0.13986
84.353314	0.15944
35.142725	0.335215
72.123331	0.174579
59.548064000000004	0.278728
94.9913	0.118524
0.044988	4.93186
34.344235	0.469454
78.604587	0.165866
49.19156000000001	0.387245
76.550278	0.184242
49.269887	0.423929
0.012245000000000002	9.240305
57.782597	0.194233
0.019354	7.5195
22.420092	0.540665
0.013426	9.032802
0.09793599999999998	3.421759
0.040567	5.281727
64.247641	0.324986
15.192761000000003	0.604919
68.250976	0.272999
72.945176	0.366299
82.816222	0.339143
34.095343	0.430919
0.010355	10.071485
50.356669	0.411639
48.557309	0.333636
0.01593	8.099172
0.014778	8.646335
0.012139	9.316731
73.486389	0.19805
0.016111	8.119626
88.148422	0.294525
2.904296	1.379271
2.868053	1.238499
1.7243809999999997	1.708505
10.601972	0.80812
0.070723	4.030476
48.213786	0.332965
57.242666	0.347009
76.977359	0.157287
0.011081	9.6807
27.38385	0.332299
0.012075	9.421629
30.280061000000003	0.534884
0.016698	7.934074
70.754505	0.341438
0.016538	8.054156
50.45515300000001	0.356733
0.0182	7.673614
62.65362399999999	0.182865
86.130338	0.181741
88.52148	0.166285
0.020355	7.225652
0.018837	7.600379
10.846639	0.808596
58.512346	0.265837
0.014331	8.554926
82.816222	0.339143
20.361224	0.488894
46.823037	0.238309
88.139265	0.147397
84.105096	0.239446
60.226444	0.332103
0.015480999999999998	8.478522
0.019696	7.497205
0.015074	8.293438
0.01189	10.390132
81.053767	0.292594
0.013612000000000003	9.023153
76.345855	0.355144
0.019418	7.428809
9.590909	0.660329
44.921998	0.472676
69.359467	0.34466
0.012383000000000002	9.301703
21.194617	0.292462
0.011955	9.496678
9.095446	0.533999
0.023559	6.816996
39.815968	0.402889
11.54503	0.710801
0.016572	8.017014
2.345534	1.641676
0.316361	1.871567
83.285897	0.236425
0.01343	8.897148
25.081239999999998	0.330307
0.017365	7.86674
0.031402	5.897498
16.92763	0.411663
64.81378	0.352278
0.016557	8.133845
0.046056	5.24673
54.57556600000001	0.296886
0.020459	7.163154
60.097267	0.190467
51.541371000000005	0.204661
0.012404000000000002	9.200203
11.933499	0.594854
62.00568599999999	0.346456
0.013557	8.88126
0.01352	8.846487
0.019532	7.845306
20.846536	0.420987
0.015099	8.415253
0.016817	8.173136
0.031089	6.272231
0.024412000000000003	6.700624
30.308464	0.548584
69.604347	0.264139
19.466681	0.644351
0.0113	10.03578
47.897492	0.418828
83.476719	0.206101
0.07496	3.955197
80.695603	0.269401
19.00912	0.670398
32.203103	0.469625
0.016127	8.066564
52.105343000000005	0.388181
0.150247	2.80728
72.712265	0.292344
0.01657	8.011195
6.848196	1.032825
7.156916000000001	0.658464
33.501485	0.182857
0.043491	5.00415
5.804366	1.145387
74.047832	0.139426
46.577897	0.274737
88.956078	0.313152
21.940885	0.64637
64.662069	0.178924
21.530314	0.591739
0.01607	8.387166
70.913662	0.142234
0.015947	8.0401
5.723952	1.147069
30.298346	0.491627
36.755151	0.498941
5.248716	1.062652
83.375195	0.265597
7.247052	1.035688
0.027687000000000003	6.238095
44.373622	0.34243
0.019616	7.69287
23.995302	0.590684
0.162659	3.051508
0.028828000000000003	6.719624
0.023225	6.720288
53.681917	0.388407
68.631598	0.233705
2.694366	1.54933
59.450486000000005	0.139171
63.753591	0.204314
0.040214	5.304572
0.033161	6.470918
25.555352	0.240686
64.816719	0.358972
41.9302	0.268133
56.570811	0.392907
65.790813	0.19286
0.014118	8.835817
4.00294	0.750483
0.021695	7.334071
5.408433	1.114055
0.016617	7.9256
45.032825	0.327591
41.974782	0.419698
0.013487	9.102261
0.021653	7.046412
61.667059	0.136611
21.333513	0.322572
76.655633	0.168598
0.01324	9.223303
12.201878	0.746623
46.423896	0.156187
75.737154	0.126041
34.294771	0.394934
0.040996000000000005	5.128078
57.424937	0.36239
28.075164	0.555288
0.012479	9.10283
69.532672	0.283995
17.563153	0.438259
27.383533	0.319826
0.022999	6.86504
80.237649	0.282836
24.628905	0.548614
0.059871	4.415048
0.120133	3.608354
90.52082	0.202178
0.04101	5.140355
60.797044	0.33146
0.013595	8.763323
34.997908	0.235645
0.028972000000000005	6.221421
0.020849	7.239551
18.204951	0.570406
47.998039	0.185623
66.887403	0.259544
20.053761	0.371563
47.907462	0.406012
26.786274	0.500675
92.750653	0.13051
0.01966	7.406864
57.24190800000001	0.307825
0.013116	8.857402
65.26511	0.236952
66.865316	0.228193
69.538476	0.276457
0.019567	7.424445
17.781713	0.700394
86.93239500000001	0.20899
3.554884	1.249115
60.058906	0.228822
0.033934	6.978584
0.017757	7.70337
47.769617	0.312247
70.504364	0.224178
81.079256	0.240125
67.711564	0.162725
27.887660000000004	0.56107
40.406141	0.460524
45.574221	0.412901
17.192659	0.695235
11.564908	0.426315
18.94966	0.558459
3.598628	0.793643
33.713973	0.351802
76.550278	0.184242
0.016311	8.09864
66.126052	0.276067
33.616268	0.446898
0.014055	8.643401
69.307538	0.384903
5.289332	0.781605
0.012232000000000002	9.270119
72.81587	0.300497
41.24239	0.32184
88.008898	0.130132
96.21648100000002	0.220758
0.010711	10.105266
77.015545	0.238431
0.020844	7.139624
83.566425	0.187908
47.625529	0.36699
0.010935	9.848643
32.238026	0.394111
0.012854	9.018383
0.035449	5.587585
0.013081	8.900577
28.521185	0.529285
39.430736	0.309745
0.012247	9.261947
54.93360100000001	0.303674
2.542159	1.6041
20.728992	0.527307
0.01547	8.319374
4.034377	1.221814
57.203444000000005	0.382655
10.621084	0.540887
58.816486	0.375147
58.069973	0.28853
0.014712	8.578825
0.053714	4.764797
29.336386000000005	0.376581
54.39363300000001	0.412094
41.705625	0.394744
0.01565	8.307007
25.068525999999995	0.451272
31.911261000000003	0.427229
53.574146	0.165483
2.671279	1.457519
18.973845	0.427572
0.014258	8.624999
41.716595	0.302346
51.21093400000001	0.152562
30.3344	0.505983
29.092006000000005	0.242306
55.59113800000001	0.309807
25.109544	0.399527
3.5140190000000002	1.301378
19.895535	0.549239
36.500788	0.345238
40.957275	0.16916
0.015290999999999999	8.443943
0.101872	3.363034
0.01822	7.650744
85.987044	0.122882
0.012097	9.375708
21.624204	0.274842
0.014217	8.635921
72.358615	0.275497
43.467515	0.279838
34.625795	0.446514
49.444132	0.32073
0.019155	7.533526
64.273215	0.385081
26.415727999999998	0.416729
4.01233	1.311671
47.708552	0.224052
31.698313	0.533352
0.028694	6.108529
59.539619	0.41859
0.026455	6.686447
0.020824	7.18372
0.020039	7.26991
0.034472	5.646715
75.247614	0.231408
14.052440000000002	0.558781
0.017309	7.993847
0.01849	7.509175
56.625009000000006	0.203736
0.017734	7.831296
34.998164	0.425071
45.915083	0.430236
51.411597	0.340537
82.422953	0.304261
55.298618	0.241337
19.745076	0.596853
74.753494	0.171495
84.225831	0.131816
0.018969	7.417406
83.524681	0.260807
13.069488000000002	0.349842
40.557396	0.17117
0.011788	9.413739
38.769101	0.206394
0.038145	5.470229
0.042522	5.102448
2.433355	1.571369
0.02018	7.843554
8.121466	0.805292
37.6271	0.277901
64.428017	0.154966
14.628645	0.72147
67.715096	0.315317
14.334200999999998	0.765763
69.801318	0.175052
0.055947	4.376093
34.760924	0.501399
0.021025	7.282699
78.484196	0.149914
75.591908	0.149857
9.495622	0.933891
0.027191	6.400285
0.049375	4.888255
95.490432	0.137448
92.544596	0.309962
0.015726	8.26624
34.105653	0.295993
0.037048	5.385455
45.672092	0.249251
0.015708	8.131185
16.028353	0.479423
16.930039	0.352017
2.669061	1.56131
37.220206	0.311228
64.057569	0.132592
0.033425	5.859119
63.573678	0.336233
0.022788	6.881756
55.07695499999999	0.408015
2.613216	1.50321
72.170608	0.361267
0.025444000000000005	6.527017
0.031269	6.075039
0.01592	8.264961
0.01565	8.149586
26.092837000000003	0.566414
0.023286	6.764548
29.244665000000005	0.564554
73.512336	0.173107
55.354576	0.357221
0.023351	6.851285
33.208722	0.417897
0.026295000000000002	6.393156
56.379632	0.326202
0.042494	5.641863
0.017127	8.279634
41.610669	0.479218
0.021161	6.999998
0.013417	8.944318
30.210016	0.493474
0.017901	7.992399
0.031337	5.882309
15.552428	0.692398
0.024296	6.655483
43.981766	0.195017
8.998322	0.788822
28.279412000000004	0.345968
75.312112	0.329559
52.402388	0.279066
24.906302	0.364595
70.395541	0.355795
35.831078	0.370859
8.756125	0.897054
0.083747	4.516703
0.099912	3.287368
0.012089000000000003	9.66234
84.308506	0.177027
16.314724	0.271766
67.461665	0.3148
64.716346	0.166037
0.015055	8.766396
58.826121	0.391464
64.587229	0.378613
63.239027	0.272289
0.025991000000000004	6.562169
0.076693	4.539336
0.025418	6.549961
60.805862	0.353553
0.017105	7.812914
0.010506	10.371532
0.019429	7.564581
36.89217	0.435668
27.557194000000003	0.390996
39.815199	0.271592
59.22969500000001	0.141279
0.029085	6.261645
0.020824	7.241242
46.397457	0.457258
36.370721	0.392768
7.757706000000001	0.935066
64.751014	0.337434
0.022887	6.946528
0.013897000000000001	8.967488
0.033215	5.7362
81.270771	0.312559
41.903462	0.34504
0.020183	7.612754
0.017984	7.754284
0.03764	5.430522
53.115708	0.366826
70.785792	0.213994
12.316443000000001	0.776364
82.049104	0.146165
40.541594	0.454862
6.194893	0.954561
89.439695	0.266645
33.838549	0.22462
53.507664	0.192677
0.010858	9.753908
3.1774950000000004	1.260481
15.64045	0.675351
34.882292	0.503409
86.462739	0.189952
39.720967	0.244799
57.000619	0.407104
0.018214	7.743919
42.723143	0.405064
0.030462000000000003	6.115464
30.910081	0.263165
0.016873	8.04624
49.362524	0.269774
56.505777	0.273369
48.546545	0.346596
0.026455	6.303366
0.026992	6.274175
46.713024	0.383532
0.020991	7.198385
0.011208	9.827086
4.111544	1.211495
43.846262	0.253876
0.01353	8.925825
0.021494	6.949956
0.044916	4.958299
28.322189999999996	0.511906
60.153864	0.202147
0.021351	7.045484
25.478535999999995	0.601029
42.444555	0.288641
0.02539	6.587383
65.917043	0.204088
0.040706	5.243661
0.01839	7.698323
66.411468	0.246543
0.020045	7.327679
34.708973	0.480805
0.040315	5.221809
0.014589999999999999	8.573866
21.680872	0.638615
50.9938	0.362968
29.461544	0.220449
0.015775	8.146067
21.211004	0.343393
3.6236910000000004	1.347756
0.052562	4.942243
0.018948	7.57948
49.865262	0.259809
69.333256	0.382635
3.205563	1.15583
90.584353	0.127412
6.0739	1.015459
65.768822	0.209143
12.254315	0.480781
24.300495	0.617661
6.426603	0.831592
0.022366	6.865668
50.745388000000005	0.283013
0.025789	6.504411
59.29558900000001	0.355855
34.738168	0.52287
0.016816	7.957527
4.966453	0.472759
0.043144	5.359782
58.064612	0.17199
0.015074	8.327921
0.013731	8.728193
0.027448	6.371628
8.488945	0.949015
0.015140000000000002	8.282993
0.025899000000000002	6.516156
46.94089	0.355427
65.291757	0.294369
0.051474	4.662162
0.03581	5.882724
0.077599	3.785405
39.618314	0.365046
0.015061	8.431579
39.638692	0.230346
26.248107000000005	0.256334
28.429154	0.41455
0.038961	5.406043
57.54576	0.372992
79.39677	0.307563
22.417183	0.539407
49.696061	0.271892
0.019612	7.453079
42.607484	0.475882
46.72655	0.450737
0.051777	4.737371
0.046801	4.805201
63.974933	0.231812
31.722072	0.222929
3.0843810000000005	1.406123
26.912309	0.377141
56.999979	0.196217
52.11350800000001	0.290866
0.051994	4.803025
0.029513	5.988994
0.01272	9.091764
42.165499	0.433908
42.687704	0.455498
39.489452	0.24373
88.868268	0.144122
77.030687	0.212545
0.019638	7.320271
0.030201000000000002	6.047204
0.018687000000000002	7.457011
0.032681	5.857863
0.030939000000000005	5.942188
0.015358	8.426038
0.037506	5.800142
8.549669	0.615288
66.405261	0.333565
0.02254	6.925803
47.778379	0.279847
0.025960000000000004	6.687303
84.174076	0.137114
0.025615000000000002	6.446829
28.36781	0.462308
29.030328	0.522381
0.015735	8.114383
43.754076	0.450896
15.327581000000002	0.705197
52.093968000000004	0.301283
0.055154	4.885122
96.685837	0.133317
0.019351	7.588802
30.534446	0.190978
9.760513	0.400025
46.282437	0.216039
0.031505	5.894989
23.061235	0.616508
89.949008	0.341482
67.1587	0.179627
0.031912	6.533719
0.015274000000000001	8.538712
17.967762	0.603341
32.974125	0.515864
18.019199	0.476668
31.827751	0.383392
67.602599	0.166877
0.071861	4.0734
97.742363	0.322496
35.479397	0.442008
51.62261800000001	0.308078
53.801077	0.268379
32.464894	0.496964
0.040305	5.532122
0.021389	7.202889
10.037026	0.871303
0.020712	7.378911
20.577847	0.357923
3.666231	1.102869
21.960922	0.513579
0.016794	8.064382
0.019856	7.255244
0.012996	9.081942
28.166605	0.316915
51.50209100000001	0.429472
43.456373	0.380467
24.630199	0.435082
41.621958	0.212678
11.228016	0.685692
35.507017	0.421226
25.717649000000005	0.555914
32.377191	0.277215
0.023433	6.740867
0.011798	9.452164
0.053948	4.587656
70.617047	0.164024
0.023679	6.735231
29.093959	0.295724
0.015584	8.820077
36.139256	0.51374
0.036741	5.346032
0.068873	3.996994
62.054770000000005	0.311587
32.562299	0.535465
0.023464	6.751806
53.471431	0.26968
0.013689	8.796358
0.06579	4.192138
0.06644	5.094587
80.643958	0.313381
23.922583	0.606958
58.848637999999994	0.396423
0.028179000000000003	6.131211
0.0151	8.351758
18.067947	0.248429
48.069861	0.299698
76.292749	0.259742
0.030505	5.952391
0.024222	6.774726
24.790105	0.515843
12.575162	0.642297
0.057002	4.341348
29.87379	0.438435
74.907951	0.158094
0.035402	5.445738
24.21551	0.320407
59.75918800000001	0.253102
0.014258	8.624999
1.809631	1.522025
68.519129	0.223552
0.018214	7.676754
0.018696	7.906628
0.026909	6.58789
10.817474	0.767762
0.037396	5.317564
19.506222	0.610423
17.884703	0.52112
45.017555	0.46543
41.982328	0.257946
73.990053	0.324264
63.853159000000005	0.217238
6.7301210000000005	0.936562
28.324012	0.485281
0.035738	5.480562
17.768381	0.303958
0.029817	5.977991
10.178685	0.565995
1.7697720000000001	1.654273
6.597516000000001	0.766042
36.9562	0.200274
0.015565000000000002	8.244223
7.980234	0.71296
63.014161	0.223351
0.032192	6.253339
52.36766500000001	0.348866
0.026811	6.643566
44.463702	0.392613
35.940623	0.267761
0.014797000000000001	8.498905
14.307798	0.529363
3.116024	1.1831
63.753591	0.204314
0.031424	6.190237
78.332009	0.125591
0.011582	9.672243
27.89837	0.309109
0.020162	7.221181
0.016829	8.164842
0.036711	5.445116
0.019366	7.490706
6.878405	0.919699
75.776104	0.276747
26.148325	0.379362
0.084756	3.629664
0.065908	4.216977
0.022885	6.915624
25.467881	0.518567
0.060273	4.285799
0.020623	7.637805
0.012060000000000001	9.791904
0.031516	5.783955
0.019979	7.345806
6.549106	0.816591
80.360954	0.138629
82.117938	0.151872
80.918903	0.163474
79.983863	0.18315
0.034602	5.657546
38.544622	0.346743
56.861392	0.142488
12.323862	0.335212
36.088422	0.480017
20.278476	0.477864
32.329265	0.251078
65.943741	0.144104
10.857191	0.853247
12.462823	0.415347
0.018416	7.722611
42.720003	0.244017
39.924433	0.373023
41.410201	0.228671
10.578044	0.719831
62.59655600000001	0.25124
16.116257	0.571645
19.262773	0.432105
7.743639000000001	0.965166
0.036336	5.425382
51.081358	0.169463
0.013676	8.98926
0.015801	8.248588
8.686124	0.384934
75.590082	0.245254
57.999329	0.21206
39.862797	0.287553
42.09974	0.268547
25.007848	0.47844
55.909487	0.232473
25.362312	0.579527
0.055497	4.462767
0.048405	4.678084
63.059335	0.192758
66.645066	0.244336
81.49588	0.215288
52.69566600000001	0.229148
62.760364	0.2949
0.069831	3.943307
0.263715	2.767721
39.844184	0.261898
3.1477310000000003	1.492991
0.032074	5.927959
74.001857	0.218534
24.596839	0.502929
13.226197	0.449194
32.545926	0.488323
11.943754	0.751461
63.253361	0.403755
0.046322	4.859421
0.018214	7.743919
16.340479	0.651856
0.039728	5.271243
0.031212	6.147342
49.426925	0.398232
0.058605	4.549372
36.877543	0.491119
56.720285999999994	0.288881
0.047266	4.972985
0.023172	7.385778
8.037627	0.871964
0.051203	4.608292
2.808655	1.432618
5.074758	0.640565
0.044522	5.04945
63.749157000000004	0.141907
77.628556	0.298481
0.024578000000000003	6.80313
0.071315	4.26433
32.607824	0.514395
0.029729	5.955017
45.577818	0.227446
58.958659000000004	0.237933
0.020736	7.153196
0.025568	6.484135
21.787837	0.45179
0.040454	5.180118
67.688827	0.355024
0.038828	5.504588
15.536192000000002	0.440281
0.026119	6.458163
34.891095	0.335196
32.393593	0.48245
0.017247	7.85621
0.024616	7.013086
2.740723	1.447517
0.015037000000000002	8.336618
44.80455	0.296689
43.456373	0.380467
14.616431999999998	0.735271
0.032737	5.934239
72.714501	0.236612
13.055262	0.761393
50.201825	0.369601
0.021629	7.091311
0.029329000000000004	6.173926
0.025428000000000003	6.645818
0.023448000000000004	6.936042
0.054169999999999996	4.820335
0.014144	8.687086
0.0719	4.062882
29.607642000000002	0.277434
0.013404	8.802198
54.497752	0.256936
22.808066	0.224954
23.170659	0.56383
81.15652600000001	0.157277
3.689898	1.038713
0.03411	5.679948
43.68005	0.392736
36.552109	0.381746
12.037263	0.662816
56.055285	0.322783
19.689545	0.372173
47.072809	0.324061
27.830169000000005	0.426885
11.867678	0.594578
54.420071	0.379843
0.028649000000000004	6.062065
9.215111	0.916387
28.922336000000005	0.500726
0.020401	7.152683
0.017342	7.761916
0.036501	5.48026
71.750699	0.190279
0.040035	5.23519
59.1934	0.303563
0.033551	6.07614
0.020168	7.2969
0.039832	5.151228
0.13051	3.156571
0.048162	5.395629
22.072105	0.495254
0.011607	9.510682
2.925551	1.474589
37.861633	0.461869
0.037484	5.311893
5.453141	0.694952
34.124585	0.384776
14.833828000000002	0.711054
42.553173	0.250023
68.417185	0.338329
15.406954	0.545442
0.04506	4.993881
0.032063	5.786317
0.025998	6.438418
27.381755	0.331334
0.035909	5.91591
8.65257	0.412339
2.681958	1.399558
26.350135	0.530639
0.017665	7.878192
6.409163999999999	1.006923
0.046359	4.775593
0.028947	6.131186
13.377358000000001	0.702457
56.55659000000001	0.164549
34.331361	0.46166
41.664919	0.342158
21.295788	0.431872
0.017844	7.823332
0.10924500000000001	3.383844
1.9597780000000002	1.559335
54.000731	0.202121
9.107065	0.873429
2.691134	1.426267
26.894902	0.427795
52.15117699999999	0.322834
37.171764	0.455641
0.038087	5.736284
8.727266	0.883724
31.148916	0.473012
41.204681	0.44011
39.248966	0.478149
0.029748000000000004	6.096646
3.173109	0.898584
0.021511	7.080518
0.048602	4.673687
28.304067999999997	0.542088
35.209562	0.258395
3.890483	0.982488
68.993405	0.130705
0.015274000000000001	8.538712
48.818972	0.240293
0.023688	6.832506
0.02823	6.328703
1.686186	0.824103
0.021426	7.509168
45.643687	0.43052
47.292991	0.398971
0.044383	5.092211
29.030172	0.440171
0.14656	2.975412
9.783254	0.842186
0.020672	7.874833
2.112679	1.545013
0.10144799999999998	3.898286
0.027095	6.572459
0.026646999999999997	6.329823
0.028026	6.171421
0.021918	6.936131
0.035348	6.041551
0.026226	6.383463
47.975632	0.384109
0.038314	5.53099
0.029758	6.189105
0.028215999999999998	6.163866
0.022348	7.183909
0.020858	7.269835
6.102815	0.8117
0.05161	4.591314
37.750813	0.474439
11.114078	0.652847
0.036795	5.515158
9.156362	0.625664
39.918052	0.313293
54.094179	0.148288
58.20064500000001	0.320451
82.226988	0.196601
0.042039	5.071946
45.615363	0.440368
0.031989	5.724179
0.011144	9.961682
1.828348	1.489777
6.533470999999999	0.518353
0.05719	4.401456
11.538636	0.617807
18.482351	0.660334
22.336562	0.222075
28.87349	0.296489
30.642645	0.47797
19.347795	0.547919
26.008163	0.268797
52.777205	0.358096
0.033262	5.716759
0.196152	2.902111
0.026896	6.382586
22.143083	0.366047
5.705536	0.713958
22.607876	0.332555
45.272954	0.285588
3.063375	1.250438
0.021053000000000002	7.095036
10.925554	0.472387
0.040253	5.209179
2.608341	1.240005
43.858686000000006	0.35412
0.021677	7.133506
29.709434	0.390204
0.014485	8.524384
90.462623	0.120701
5.947619	0.854498
0.027533000000000002	6.611337
72.85731	0.161861
45.536032	0.264322
0.013868	8.863273
41.759649	0.367631
30.448623	0.566537
0.024861	6.705604
51.595079	0.204768
0.023672	6.781954
24.795342	0.537898
33.990833	0.320295
0.029356	6.035151
0.042898	5.082107
0.031083	5.823087
0.079734	3.811573
30.998603000000003	0.39942
54.082789	0.250334
57.976081	0.317871
37.88317	0.281951
0.016852	7.9134
27.401246	0.490141
27.359268000000004	0.543945
0.063695	4.098402
33.580709	0.184267
31.688827000000003	0.321193
0.036361	5.572557
4.240415	0.852256
57.008282	0.351671
0.09504	3.583782
43.393882	0.231345
0.020071	7.366744
25.571799000000002	0.558545
0.043567	5.128922
48.92917	0.179383
0.039459	5.410339
0.012960000000000001	9.785301
0.027725	6.226773
47.189805	0.236064
0.034304	5.771144
0.021917	7.057396
72.496037	0.331982
0.037618	5.384816
0.046717	5.037049
0.310674	1.944945
5.883666	0.895309
0.022501	6.790944
0.07684	4.231479
49.243245	0.345418
62.300164	0.366606
69.122405	0.251795
60.855631	0.242241
47.803212	0.174341
46.032035	0.166965
0.048161	4.730811
0.357077	3.037824
79.701501	0.151156
44.15445	0.212379
35.64516	0.348256
4.370695	1.080238
4.754421	0.873362
8.652794	0.679633
9.922252	0.604563
24.537855	0.411168
0.026743	6.412909
16.297437	0.466151
1.515214	0.86215
0.023374	7.549444
24.12532	0.421873
61.44768499999999	0.201527
0.035744	5.601278
27.810967999999995	0.365679
0.9668760000000001	1.08085
0.05748000000000001	4.363894
0.286703	2.295664
0.03658	5.810995
35.861389	0.360236
46.427	0.21294
0.0272	6.628511
90.52082	0.202178
49.474801	0.218627
0.030632	6.020672
35.698179	0.211225
0.019212	7.548895
0.018238	7.654831
67.990532	0.149842
0.049036	4.83143
0.0221	7.112599
42.766615	0.364989
14.886915	0.617496
10.010238	0.331796
0.032821	5.910439
0.023553	6.917939
0.027973	6.297517
8.296556	0.947079
32.413362	0.251259
0.015067000000000002	8.339093
18.513812	0.664204
0.054061	4.81872
32.997672	0.329808
22.646495	0.47674
18.084089	0.626886
62.710037	0.270868
0.018506	7.561534
0.061585	4.315289
27.511344000000005	0.401781
18.003362	0.379307
22.053972	0.482496
0.097555	3.835853
0.016709	7.975963
34.517224	0.387091
26.970215000000003	0.296765
55.911227	0.372515
41.614922	0.322355
49.75596	0.214263
0.017217	7.820786
92.680755	0.181249
9.097941	0.827819
86.462252	0.127447
16.239585	0.532298
5.653776	0.630385
62.34916700000001	0.168111
9.040254	0.894703
0.05517300000000001	4.74858
39.310869	0.194525
0.127877	3.681696
68.824248	0.153524
11.122149	0.321139
0.034486	5.771003
3.955602	0.952448
0.11608700000000001	3.189623
0.038748	5.661064
2.653808	1.2973
0.040485	5.293991
12.036639	0.367223
26.936167	0.499098
0.019676	7.662359
22.996094	0.311876
34.56426	0.234989
10.137051	0.837636
15.498979000000002	0.398063
1.626209	1.760733
48.42293	0.257238
0.020165	7.284425
30.961539	0.286914
0.025194000000000005	6.538586
2.790148	1.210573
1.8661900000000002	1.688211
54.772828	0.217883
0.11004600000000002	3.276283
0.04887300000000001	4.750843
29.928817000000002	0.336607
0.044606	4.979565
27.096917000000005	0.44309
0.02581	6.471394
0.017063	7.956757
0.054898	4.516577
0.06014800000000001	4.339248
40.636954	0.386533
11.604155	0.414967
0.032762	5.974503
26.907527999999996	0.354939
7.647851	0.716624
0.01381	8.82553
8.916543	0.915049
53.132388	0.147494
2.662191	1.387115
13.079622000000002	0.629102
39.365938	0.21887
40.797852	0.293282
23.717085	0.58999
6.144941	1.124203
83.253143	0.161366
41.840791	0.300408
9.709805	0.435438
88.71693	0.27979
0.051504	4.623632
7.855063000000001	0.680528
0.040832	5.140402
0.339546	2.414365
4.938058	0.612491
0.026917	6.341843
16.007632	0.593261
0.028899000000000005	6.208334
55.73273900000001	0.165185
0.084358	3.741934
28.401563000000003	0.454059
54.808481	0.342592
35.080713	0.30974
0.056209	4.83673
2.60775	1.445284
60.370057	0.189763
62.009812	0.375292
0.080157	3.655374
0.056748	4.610996
0.011697	9.595114
0.042374	5.207749
36.028623	0.326209
3.653233	0.911046
24.465869	0.487113
22.641177	0.387581
15.364087000000001	0.664541
39.060532	0.33472
66.006691	0.155316
65.803038	0.298921
0.055233	4.598251
0.064638	4.140445
14.265697	0.652478
0.065993	4.042343
3.333299	1.27441
29.822902000000003	0.352908
0.026946	6.31554
13.25053	0.50213
21.109734	0.325147
0.068985	4.204153
36.698105	0.292233
3.9433320000000003	1.040215
60.414599	0.159611
0.060241	4.327717
93.353437	0.132387
53.605045	0.182595
0.057391	4.440434
25.159928000000004	0.306451
30.071608	0.422115
0.03275	5.694527
20.909205	0.39798
0.05802800000000001	4.386336
26.308433000000004	0.222025
25.909238000000002	0.529243
0.028229000000000004	6.419401
29.512304	0.252087
0.028945000000000002	6.342014
21.149839	0.409682
4.797927	0.493721
0.314563	2.034045
0.83291	2.647202
0.030023	6.458888
75.518956	0.351948
0.021135	7.127103
0.087787	3.71018
22.837203	0.336911
0.034376	5.602925
8.329256	0.755549
3.955301	0.863622
0.12349000000000002	3.191884
0.055742	4.641474
66.070005	0.26934
0.196743	4.019717
0.220198	2.739164
0.023465	6.879035
0.037598	5.331701
28.200898000000002	0.475051
0.015289	8.444112
18.015633	0.339017
82.502176	0.196338
14.354722	0.363797
0.05132099999999999	4.709627
13.355786	0.379361
25.975297999999995	0.340327
0.058426	4.466378
0.017538	7.7277
0.033259	5.70876
0.028554	6.201874
3.030132	1.3636
0.046516	4.853195
70.539919	0.209246
0.032857	6.023548
15.859456	0.513284
6.161056	1.00308
19.44639	0.253015
92.544596	0.309962
32.127091	0.301438
27.859686	0.239592
3.129773	1.335331
0.139635	3.086853
0.025607	6.491838
61.215613000000005	0.237255
21.104398	0.514702
0.130205	2.990676
22.797805	0.578712
0.091772	3.56016
0.091631	4.380225
26.160483	0.418849
0.062563	4.117149
10.912203	0.783672
0.06106399999999999	4.351574
0.20403700000000002	3.380952
1.105147	1.667562
0.031203	5.838448
0.102164	3.318623
51.122301	0.180595
5.012234	1.024602
11.443404	0.735942
0.02258	6.893857
71.274589	0.313279
0.06074	4.261921
58.849169	0.258284
15.106123999999998	0.606256
54.768892	0.230995
76.702152	0.140543
27.946191	0.342093
73.179934	0.263784
24.580015	0.505201
37.803925	0.409533
14.46831	0.398195
12.310133	0.447998
61.449155	0.29542
0.046014	5.503691
38.609224	0.385686
43.9974	0.409772
0.015316	8.354652
14.29491	0.665819
43.39928	0.316223
0.058279000000000004	5.152524
0.457276	1.606398
49.872422	0.3221
0.066552	4.084922
71.063023	0.203015
33.649439	0.45965
0.025432999999999997	6.670233
45.088902	0.361083
55.959251	0.144221
0.034299	5.670326
44.086671	0.303242
10.666622	0.76222
0.074688	4.174739
8.451534	0.854543
32.396819	0.378393
39.982843	0.421071
22.528121	0.435971
18.256949	0.684382
46.178159	0.262875
0.023002	7.108464
22.747258	0.370397
13.45962	0.690033
0.016646	7.970493
0.077875	3.919705
35.038682	0.20905
45.338458	0.32921
28.488101	0.257422
0.028430000000000004	6.239493
0.033187	5.705507
0.070099	5.009327
12.668179000000002	0.490686
3.9587450000000004	1.222504
5.571777	0.990476
38.141211	0.299987
52.15006600000001	0.151717
0.049591	4.789828
0.047017	4.989419
6.879151	0.831849
8.733233	0.544274
0.03051	6.577009
12.549035	0.627337
17.165149	0.363495
0.147852	2.850518
15.032377	0.408018
3.083573	1.31469
0.069122	4.150991
0.029599	6.562141
9.014934	0.793589
60.989177	0.213005
38.316955	0.25443
55.112422	0.335041
42.787574	0.278327
0.27743	2.384087
53.403838	0.325629
0.085542	3.871421
4.875088	1.231946
0.093471	3.537562
0.049904	4.689355
0.04932	4.725169
0.018999	7.480027
0.12309400000000001	3.48013
0.020056	7.293448
93.202443	0.202916
3.360435	1.121641
0.027514999999999998	6.286111
16.551696	0.530472
0.024291	6.630843
11.843862	0.824224
39.119124	0.173457
14.965508	0.62221
24.050174	0.284348
13.353670000000001	0.491787
0.091835	3.667704
0.015746	8.513969
10.598152	0.690377
39.191063	0.328368
0.338903	2.18508
43.635711	0.442975
10.375236	0.709195
0.056056	4.693397
30.259063999999995	0.350737
0.037024	5.336021
80.820395	0.182154
0.056677	4.536563
0.046571	5.615246
0.151147	3.340563
50.356669	0.411639
20.09178	0.538509
0.019554	7.533001
25.758889	0.207127
0.095551	3.471201
32.468495	0.216844
0.05066199999999999	5.219948
15.784444	0.314931
6.920361	0.993918
44.260139	0.206376
0.102514	3.394669
4.715001	1.134981
0.021454	7.359859
20.887919	0.397055
71.766927	0.23339
6.344439	0.899194
5.934593	0.939723
0.123543	3.027888
12.740488	0.294509
67.430572	0.28878
0.11710200000000001	3.156311
78.644743	0.137421
57.116690000000006	0.182348
12.26773	0.77502
30.919413000000002	0.52206
2.669877	1.458172
54.601532	0.315307
45.190091	0.245867
4.129227	1.137344
0.197478	2.466769
14.069307	0.505779
86.797194	0.206829
0.030139000000000003	6.060896
0.023888	6.813378
0.128325	2.923414
0.032326	5.798724
0.079006	3.783792
0.135414	3.956606
15.044363000000002	0.329598
10.252485	0.491376
0.031958	6.995925
34.945605	0.310471
0.018366	7.522178
45.310981	0.1648
8.375643	0.48458
7.805185000000001	0.564632
16.37562	0.425929
19.145341	0.391425
0.07759	3.985069
5.009436000000001	1.175564
76.584107	0.128938
27.088283	0.389441
58.421788	0.225357
12.944592	0.69488
54.663827	0.216734
0.090465	3.597834
11.112506	0.614847
0.071589	3.932346
0.013351000000000002	9.052231
31.606035	0.457939
8.443744	0.805197
13.169426000000001	0.605673
0.031001	6.094185
25.230513	0.317476
47.856279	0.227242
30.193988	0.21105
60.92001100000001	0.150109
0.08163	4.041588
50.18055100000001	0.189974
6.773986	0.788548
23.486229	0.411158
0.041333	5.197462
30.740624	0.32128
0.068161	4.08783
21.007566	0.451079
44.780966	0.310134
16.611762	0.589356
13.591709	0.674924
0.105413	3.585823
3.399164	1.145359
16.899448	0.612558
19.852793	0.359034
21.643595	0.571227
0.018445	7.777864
14.508755	0.573164
18.67666	0.403251
35.082195	0.282316
0.073794	3.909701
37.108934	0.422318
18.605383	0.463528
11.924615	0.526813
8.332175	0.363325
0.019117	7.391971
51.91541500000001	0.256806
76.736482	0.136693
62.826266	0.161868
0.023869	6.598925
0.084618	3.853986
0.054333	4.899415
73.190667	0.183518
38.043534	0.265648
16.110048	0.500627
19.736081	0.582065
61.319676	0.30882
0.137289	3.200236
0.044599	5.11748
0.22869500000000004	2.27305
20.086612	0.282371
0.044664	4.876727
0.054513	4.491793
39.807806	0.217669
0.10094900000000001	3.454473
15.41816	0.480631
0.018551	7.610906
0.059072	4.398757
0.023163	7.065657
29.804585	0.409823
0.05301	4.777705
15.922502	0.445173
0.039507	5.456854
0.09515	3.41168
49.396454	0.199876
0.218558	2.693183
0.037917	5.258443
0.059393	4.220205
6.130573	0.908013
3.681607	0.840189
0.078456	3.712506
0.042095	5.291834
72.537919	0.222941
0.036559	5.759648
92.302402	0.253386
6.666341000000001	0.521528
6.245066	0.752481
0.072209	3.965965
68.631598	0.233705
0.05277400000000001	4.573391
0.020746	7.075203
37.959374	0.18571
19.975818	0.33452
23.913070000000005	0.277751
0.039384	5.493279
29.632706	0.379048
29.488738999999995	0.220423
43.310983	0.466346
25.363735	0.32893
13.886370000000001	0.652437
19.679224	0.516151
16.764517	0.377853
0.068492	4.41742
23.081116	0.528312
0.031047	6.143107
8.585679	0.467004
0.017725	7.78604
0.081518	3.695329
60.231166	0.169679
0.021863	6.988661
0.12247	3.167962
7.648385	0.777634
19.16938	0.575518
0.609925	1.398091
0.11933600000000001	3.210266
3.5231740000000005	0.842651
0.022969	6.90059
0.036807	5.365386
0.41636600000000007	2.554612
6.6557770000000005	0.918919
13.26959	0.720095
36.939782	0.221877
0.129654	3.443343
22.529995	0.354033
4.70602	0.914637
0.122668	3.001098
0.323932	2.237004
0.055818	4.527023
0.041225	5.836997
38.930178	0.388101
26.73838	0.471082
18.087349	0.538957
9.050574	0.595351
0.044424	4.959855
47.182711	0.196776
37.18097	0.267746
12.105471	0.606475
24.658265	0.468546
0.058159	4.320019
0.036327	5.457387
23.232228	0.385531
9.711159	0.638075
0.055559000000000004	4.946443
26.519211999999996	0.210967
0.092208	3.532924
10.822442	0.651227
0.036635	5.963271
28.625018	0.268649
0.05198500000000001	4.931417
7.606822	0.780526
32.22136	0.408761
0.033178	6.000521
43.206429	0.16455
10.634125	0.820052
59.36628900000001	0.170222
3.4580150000000005	0.864988
5.389954	0.665543
0.05291	4.902092
3.249007	1.197298
4.432378	1.064254
8.001069	0.583619
15.449769	0.293669
0.098421	3.459938
38.867597	0.207955
0.11676	3.146391
4.030937	0.806944
19.952754	0.473699
0.028027	6.249433
4.237083	1.191987
12.970654000000001	0.585913
61.584039000000004	0.210216
5.060029	1.11126
8.05103	0.532429
0.037254	5.545577
13.216054	0.461743
43.129409	0.168015
18.446692	0.457997
12.952274	0.561903
6.898016	0.406169
0.073418	4.003849
26.458389	0.358237
0.051161	4.625286
0.123572	3.64437
0.089644	3.503206
0.040567	5.417351
1.32036	1.188438
6.232298	0.799622
0.013214	8.960957
3.370568	1.124239
64.180886	0.143937
0.10269	3.836241
20.271469	0.302115
12.916456000000002	0.517868
3.334287	1.052875
35.100721	0.252476
13.958631000000002	0.587989
11.718623	0.460332
11.82568	0.662465
45.235273	0.367151
0.42251600000000006	1.838882
0.040592	5.559532
15.791201	0.309723
13.520430999999999	0.376623
4.400763	1.079617
22.83808	0.52714
0.033664	5.75705
0.125149	3.062102
24.816371	0.457412
5.023835	0.729141
0.081153	3.690382
64.599379	0.17151
3.953587	1.070317
19.213444	0.350011
24.234716	0.253553
22.77376	0.55238
72.983434	0.15174
0.067254	4.052592
0.381707	1.916509
23.53857	0.350796
0.064465	4.17443
0.163299	2.670815
80.933686	0.222709
0.025142000000000005	6.430819
71.401036	0.152052
9.661276	0.577776
0.040383	5.518815
0.043536	5.01478
32.107407	0.341759
21.496894	0.378857
0.044544	5.167494
65.623967	0.328027
0.06220200000000001	4.192709
0.050894999999999996	4.794735
33.411641	0.266122
7.582796	0.496123
0.047328	4.910361
0.057653	4.477992
0.05933000000000001	4.303477
5.94745	0.43365
36.565042	0.179709
9.153336	0.656376
25.421127	0.389427
0.188649	2.498657
18.171895	0.501439
0.170349	2.586081
0.065314	4.239073
6.370552999999999	0.704006
0.29552	2.15394
20.2501	0.346994
4.928944	0.941426
4.553326	0.822232
15.121670000000002	0.747101
0.053402	4.563144
3.386093	0.571381
20.692916	0.441409
0.20758000000000001	2.543289
36.254542	0.47245
57.798044999999995	0.250532
0.04271900000000001	5.032996
0.110103	3.671586
27.607515	0.448663
0.019084	7.485012
11.263829	0.504136
50.35981699999999	0.247684
0.058128	4.275253
0.020644000000000003	7.210962
33.727901	0.31764
25.037042	0.266483
0.06662	4.135684
0.026276	6.85103
0.072222	4.06281
0.103061	3.523678
7.632882	0.655586
0.063168	4.301736
1.129292	1.3383
27.763683	0.282234
14.504675	0.41341
16.791972	0.363582
0.059377	5.233199
5.294069	0.928974
11.613496	0.510006
14.788269000000001	0.639685
8.801251	0.461922
58.658215000000006	0.151658
42.52288200000001	0.191535
25.608835000000003	0.307574
0.093062	3.464703
10.516039	0.702027
23.064654	0.267697
0.045412	4.871858
3.114279	1.173654
55.678828	0.185214
0.06083600000000001	4.202996
14.162619	0.36177
29.469156	0.307784
41.459836	0.217662
19.00116	0.320433
0.689073	1.644644
0.047516	5.161881
0.41272900000000007	1.895508
11.692321	0.538822
1.822514	1.016679
17.641206	0.520052
37.90868	0.239332
14.250453000000002	0.423229
0.166323	2.900979
3.212289	1.285953
6.088019	0.842122
3.325244	1.330432
27.840176	0.261995
0.148714	2.874698
3.908094	1.005406
37.78281	0.372259
0.079876	3.727409
21.163809	0.280027
7.031386	0.964686
9.889512	0.524758
16.68998	0.559167
0.017482	7.799288
0.100496	4.015593
30.130797000000005	0.232651
2.731781	0.652027
18.11104	0.333509
2.737619	1.144894
7.149605	0.476032
0.076297	3.855636
4.375215	0.976647
40.803231	0.200905
0.639163	2.065113
7.773152	0.861174
0.378164	2.695541
10.549921	0.456029
0.167035	2.94629
0.9103770000000001	1.198798
28.32616	0.364681
45.600166	0.178017
0.348532	2.261816
0.022862	6.828823
0.085786	4.030473
1.562912	1.824262
21.945154	0.49575
4.057535	1.165502
15.329337	0.58196
2.019722	0.755996
0.148191	2.979016
30.048251000000004	0.201192
0.058704000000000006	4.426693
0.016287	8.206934
19.37142	0.593461
0.162894	2.764864
6.927078000000001	0.980931
10.33282	0.554243
37.134173	0.235496
13.59649	0.426211
14.527829	0.342104
22.92123	0.398649
16.652498	0.281807
0.106179	3.596448
13.085493000000001	0.436856
0.028285	6.35987
48.92103500000001	0.298147
8.532186	0.690819
42.803745	0.177245
14.980937000000003	0.29511
0.110282	3.42383
0.082491	4.161375
0.500453	2.426891
6.913209000000001	0.53058
4.811439	0.497546
21.277343	0.311741
0.654323	1.93874
24.285426	0.347669
11.6155	0.306897
57.76736100000001	0.277713
21.530314	0.591739
0.021883	7.020376
9.194799	0.742238
1.177474	1.518599
20.223835	0.419577
37.137311	0.318343
0.05107099999999999	4.846011
0.30497	2.182865
32.263399	0.196232
0.064972	4.282685
0.072679	3.925928
0.781095	1.904041
31.684192	0.298125
0.05852299999999999	4.43277
1.201484	0.962037
36.579832	0.223954
6.807486999999999	0.842013
16.582342	0.561649
4.653636	1.026916
0.075632	3.970452
0.069788	4.099981
8.90872	0.441485
0.013182	8.874443
0.015565000000000002	8.219585
0.035029	5.582808
2.781672	1.368445
45.880404	0.18884
2.481655	0.680465
0.650646	1.338059
9.294512	0.349169
0.020641	7.257103
15.074377	0.54901
0.066836	3.986417
23.348838	0.443653
16.885701	0.3011
6.355411	0.572559
24.769521	0.432036
22.856976	0.425316
22.503858	0.264203
51.650253	0.162623
0.040118	5.184318
0.042993	5.026185
54.480467	0.203375
16.240815	0.427418
49.600503	0.159567
8.085765	0.669938
15.262885	0.49423
0.122948	3.13628
24.472187000000005	0.393554
0.0869	3.608917
10.279976	0.359079
0.131457	2.987756
10.498748	0.587881
0.040457	5.374932
68.935426	0.185821
15.289052	0.63946
30.242014	0.310209
55.170549	0.156728
0.127364	2.963268
27.047461000000002	0.518847
24.623867	0.378431
0.082933	3.752517
28.666754	0.40089
53.357615	0.163615
32.085225	0.19168
37.57252	0.424805
0.080511	3.909299
5.536209	0.601236
24.332417	0.232497
19.019096	0.413369
10.333024	0.395726
0.75947	2.199179
0.085634	3.882333
0.194893	2.454229
0.124419	3.30849
16.598076	0.489132
21.940834	0.561665
8.42464	0.480269
0.076623	3.944762
0.10173699999999998	3.549933
0.080421	4.009555
33.023395	0.2107
0.177499	2.803114
13.296990000000001	0.548502
10.030977	0.780011
0.136036	3.23711
0.067384	4.117882
0.152765	3.048417
7.088202000000001	0.633445
0.10825400000000002	3.32036
3.387252	0.594914
0.059024	4.634463
0.040919	5.190663
4.533334	0.884203
0.056924	4.651635
2.448989	0.874417
0.151872	2.708325
21.232368	0.619476
29.834823	0.328304
3.8285190000000004	0.624173
10.217965	0.331972
4.175167	0.71527
0.12864	3.290289
0.083604	3.821867
22.653975	0.294998
1.358971	1.978589
38.110976	0.301454
19.333282	0.501835
0.398321	2.912076
4.612906	0.666931
1.32976	1.372258
0.029774000000000002	6.160592
9.223671	0.591873
2.471644	1.073754
10.312507	0.491032
6.268865	0.620702
12.663515	0.642448
0.19848000000000002	2.42676
0.061484	4.36054
10.003844	0.478599
28.132381000000002	0.228516
0.128504	3.490968
18.668688	0.450275
41.168485	0.4192
38.945696	0.447134
3.8032170000000005	0.719964
0.826836	1.868782
11.009536	0.386402
22.238593	0.41087
0.107251	3.250988
53.677299	0.17892
32.957719	0.342291
2.695812	1.321243
0.22483900000000004	2.864228
0.053209000000000006	4.560908
0.039598	5.28127
7.795373	0.669036
51.872811	0.241517
0.036449	5.492208
1.439512	0.984574
18.546012	0.273355
4.179167	0.526843
5.166772	1.090841
15.960232	0.387742
10.36341	0.723002
13.669857000000002	0.677213
0.159052	2.778435
0.027272	6.28868
15.605496999999998	0.344235
3.129981	0.7835
0.104633	3.406189
8.283576	0.506646
0.04996600000000001	5.05477
0.101118	3.337409
0.159779	3.229426
0.10709700000000001	3.79677
0.304383	1.933763
21.219933	0.261699
0.188517	2.890734
47.483137	0.157079
0.125741	3.740648
33.728978	0.405055
0.11926400000000001	3.115532
1.251728	1.539555
11.829855	0.841393
4.118371	0.736109
8.805209	0.425356
20.56269	0.531076
0.11974	3.099193
7.8752260000000005	0.510457
37.746483	0.409548
12.792065	0.356729
0.055559000000000004	4.490678
10.921003	0.556648
0.296184	2.636731
32.655876	0.233371
10.306677	0.673907
49.075991	0.1611
19.996952	0.252776
18.018678	0.630798
0.04997900000000001	4.76478
6.583013	0.410485
0.25251	2.292642
67.803606	0.187171
0.080254	3.655184
58.101168	0.213954
0.12246700000000002	3.017707
2.104863	1.389595
1.218409	1.112456
13.387201	0.294853
20.254999	0.309794
10.346904000000002	0.418351
4.59682	0.792011
0.018526	7.635476
0.033763	5.631281
8.203142	0.614538
5.578096	0.683565
12.108517	0.573986
26.407946	0.230079
40.042754	0.349551
0.12448	3.132083
0.18208	3.517893
5.756201	0.797208
4.181809	0.516604
72.824154	0.274151
25.629015	0.246252
0.154382	3.097749
72.07012	0.135355
51.566182999999995	0.180902
2.135791	0.780101
0.09810100000000001	3.40016
2.831088	0.900898
0.029364	5.995695
3.1262	1.050521
0.396528	2.440151
0.548595	1.706082
0.054299999999999994	4.503412
5.093086	0.552735
5.868509	0.678236
27.857034	0.206283
70.210387	0.198306
0.145386	2.912444
0.06191000000000001	4.452555
0.699975	2.339951
5.376487	0.465017
0.317905	2.096084
0.113674	3.81602
0.100341	3.775066
0.465234	1.981007
32.61283	0.269761
0.048347	5.065074
0.323783	1.927277
0.617539	2.015906
0.255537	2.138234
0.501164	1.567424
0.035247	5.635596
0.707428	1.431916
0.572979	1.497623
18.07899	0.437622
5.99554	0.747131
0.348769	1.811798
15.48544	0.269247
0.165703	2.608934
4.307057	0.887892
0.024076	6.670757
0.571171	1.679448
0.019608	7.355541
34.000112	0.205619
7.914561000000001	0.374629
7.709728	0.49453
40.51301000000001	0.407903
19.119554	0.643913
0.139065	2.788707
36.061245	0.299107
34.995623	0.284354
1.153997	1.747521
23.679476	0.234584
16.831848	0.388859
0.081353	3.871272
1.154893	1.101365
13.474267000000001	0.529706
25.181967	0.29275
20.368319	0.502968
24.329698000000004	0.216234
0.024882	6.545274
0.200959	3.299273
0.874067	1.770371
0.057175	4.505786
0.06296	4.159234
13.010134	0.400875
37.133442	0.399214
0.097969	3.364787
50.65745700000001	0.227348
11.365111	0.428514
0.28347	2.079777
2.641568	0.853086
0.036343	5.615484
1.930215	1.219778
0.579997	1.717618
6.166551	0.464368
0.149333	2.797227
13.198546	0.478102
0.032431	5.810264
0.173455	2.543506
0.179247	2.474482
0.4591430000000001	2.371305
11.712458	0.572787
6.871582	0.592052
8.715994	0.765424
3.716376	0.824679
13.041381	0.539802
8.187008	0.444477
7.4895320000000005	0.692601
0.058409	4.708618
0.270947	2.671527
65.935998	0.192531
40.502734	0.184194
2.366283	0.828979
0.171015	2.73896
0.060328	4.452276
8.5971	0.364909
5.057134	1.047329
0.221066	2.454032
3.103676	0.930493
9.39684	0.625558
11.682771	0.43764
0.077245	3.768616
18.153805	0.484273
0.349809	1.849486
6.490131000000001	0.605653
0.105736	3.431813
26.598182000000005	0.282873
0.026397000000000004	6.357526
17.284987	0.262097
8.129704	0.604402
10.785073	0.378424
0.522277	2.125889
0.218213	2.482518
0.11905799999999998	3.277129
31.08653	0.368948
1.037518	1.569072
1.277732	1.231504
54.044297	0.377347
0.146895	2.833689
6.220642	0.649086
6.6014610000000005	1.05056
41.306016	0.278273
11.647587	0.309185
0.33473	2.62459
0.412704	1.751816
0.041326	5.26669
1.05221	1.258908
2.496843	0.939196
1.59368	0.83432
0.063423	4.475056
35.482078	0.18026
27.319985000000003	0.247868
0.083076	4.244714
0.048844000000000005	4.920545
20.973457	0.381966
35.870645	0.190004
0.683576	1.581742
0.186839	2.648074
40.948348	0.181493
0.108876	3.207951
0.825626	1.582985
0.285903	2.225809
15.037514	0.456477
22.954504	0.250049
0.079202	3.758186
2.188075	1.271602
0.147974	2.755481
0.066216	4.074154
0.377013	1.79874
4.720516	0.649814
0.247821	3.064138
31.407579	0.287182
6.683406	0.976772
0.10813399999999998	3.505603
43.28487	0.225025
0.167189	3.118329
16.227712	0.451938
2.867939	0.679167
0.564868	2.712944
0.11934500000000002	3.490291
0.055837	4.577582
0.239373	2.51008
0.48408	1.82484
0.687358	1.306087
15.764396	0.371559
3.0457920000000005	0.738859
18.948277	0.29438
16.845795	0.349963
41.658515	0.20213
0.12437699999999999	2.949435
0.694392	1.99356
0.584255	1.445374
8.674307	0.824447
0.180351	3.040771
0.312424	2.164192
18.112373	0.402638
0.805054	1.350787
23.271308	0.295358
4.321798	0.968187
0.159969	2.751439
0.712197	1.325718
0.036442	5.549805
0.107624	3.350865
0.35739	1.968295
14.421322	0.514769
1.7438599999999997	0.872567
1.569455	0.849801
46.393088	0.370974
0.212343	3.174424
16.066702	0.626074
0.172349	2.637712
0.149621	2.851175
1.347114	1.039731
3.439893	1.260098
7.107834	0.887061
17.808202	0.283201
56.54285800000001	0.250486
0.309701	2.367426
14.159793	0.475532
1.6272290000000003	1.005511
56.46939	0.153713
4.87466	0.872888
7.411586000000001	0.558324
7.584423	0.381182
14.982099000000002	0.325533
43.087478	0.17937
0.138692	2.93503
0.22598800000000002	2.244649
2.773088	1.028516
0.209901	2.353391
0.701958	2.727226
0.44377	1.595593
0.767045	1.470819
3.770756	0.805637
4.353606	0.54844
5.313901	0.964601
0.266021	2.136514
0.527322	1.606215
1.155023	0.984196
81.372053	0.296784
2.403227	1.420396
0.460156	1.955333
8.097774	0.731778
10.488411	0.372704
0.156181	2.861375
35.72541	0.35502
47.019025	0.285077
1.330075	0.92231
0.052413	4.549712
47.809876	0.207478
0.096605	3.570841
0.20862100000000003	2.334937
0.469056	1.656575
0.102526	3.328898
0.086634	3.640098
0.56905	1.836579
7.311741	0.425638
0.43000600000000005	2.30586
0.10764400000000002	3.351697
3.812989	1.16239
4.375739	0.922216
14.229793	0.308341
38.482756	0.170992
4.777686	0.615219
68.329619	0.137925
0.731786	1.394529
0.318184	2.817405
6.958974000000001	0.702508
0.246618	2.195261
0.086914	3.618407
7.229603	0.574221
5.844867	0.534932
0.898087	1.178637
7.593238	0.553691
0.231078	2.575546
0.780713	2.489076
0.676741	1.435347
0.9613790000000001	1.098699
0.06000900000000001	4.252233
19.389369	0.266018
3.019079	0.771034
0.422065	2.077093
0.675251	1.885195
0.10431100000000001	3.247314
0.170685	2.681613
0.56798	1.453548
0.080211	4.130277
30.673855	0.269351
8.671105	0.759643
0.35594	2.879092
0.648742	1.382411
0.11160899999999999	3.220273
4.641725	0.760287
1.281537	1.78378
0.350343	2.022601
4.737506	0.538033
2.222478	0.72195
1.548325	1.306584
1.758707	0.86436
0.137854	2.961596
0.393865	1.954992
0.022428	6.971007
4.884899	0.483174
18.460891	0.313597
11.452557	0.675194
7.64792	0.639211
0.12092000000000001	3.006358
5.294375	0.504114
10.002799	0.746231
25.794666	0.462819
0.470064	1.665407
0.034045	5.870643
1.439579	0.884326
20.958832	0.22934
0.253313	2.250161
6.3958189999999995	0.454031
0.237688	2.385238
16.341959	0.467395
0.175994	2.682113
0.11683000000000002	3.261593
35.661079	0.246917
0.276136	2.395609
2.25932	0.710521
0.105663	3.568188
1.103126	1.257447
0.509996	1.532531
45.827679	0.183961
1.186713	1.049889
9.125604	0.573866
0.285123	2.26285
0.083896	3.622065
1.480736	1.118155
0.706071	2.225986
0.510805	1.491884
22.637056	0.466256
0.22646099999999997	2.284209
6.866067000000001	0.863632
0.17561	2.567387
7.249188000000001	0.395906
0.236236	3.02025
0.958676	1.632619
48.099632	0.167674
7.901207	0.394178
33.553428	0.359241
0.028789000000000002	6.612268
0.56101	1.512988
34.87361	0.190458
5.724991	0.770265
13.404895	0.312181
22.191636	0.243482
0.094417	3.441716
0.198665	2.602025
1.851039	0.973533
1.043069	1.862139
8.658224	0.817224
0.650435	2.063942
0.214706	2.311545
1.613099	0.905915
0.305429	1.98919
2.799611	0.705193
0.842819	1.508266
3.765465	0.620885
0.319071	2.323916
0.299154	2.111695
0.529042	1.480831
1.115614	2.003941
2.510749	0.814631
10.512998	0.360088
1.121306	1.247367
0.265341	2.109506
1.061652	1.135287
25.608105999999996	0.364826
1.465827	1.209626
0.55032	1.459782
0.414653	1.968336
5.952808	0.445606
62.205117	0.190072
0.265641	2.212155
0.500577	2.619444
0.372504	1.796226
4.365744	0.695568
3.630522	0.560747
1.9302610000000002	0.890656
11.289696	0.795919
5.36731	0.775455
6.288063000000001	0.738497
3.934969	0.593516
1.489965	1.016197
0.17448	2.659006
47.431851	0.320057
0.042286	5.116588
0.4971860000000001	2.497264
0.188596	2.597436
0.197073	2.355671
5.499279	0.507675
3.8164880000000005	0.651107
10.637266	0.796141
20.756188	0.23207
0.9587360000000001	1.591691
0.038848	5.573106
0.371795	2.052279
3.1576210000000002	0.606034
3.1538050000000006	0.635677
0.125784	3.07554
8.503474	0.454532
18.332158	0.608202
6.690286	0.722693
10.804684	0.348771
9.533171	0.410909
0.8556440000000001	1.234937
1.7758840000000002	0.92186
18.875737	0.389255
0.094708	3.549291
10.810605	0.63752
4.0423	1.011346
1.768293	1.291075
0.901765	2.030174
1.459315	0.969017
0.8375249999999999	1.166987
0.56744	2.005614
1.440608	0.911855
1.7958180000000001	0.843589
0.823337	1.188657
0.327222	1.910366
8.1184	0.545367
0.739416	1.281298
0.602849	1.421006
17.88255	0.543687
4.026833	0.753149
1.552735	1.057848
0.089298	3.724836
4.107265	0.540782
1.90121	0.942041
0.014477	8.94235
0.217219	2.514982
0.97899	1.216055
38.484979	0.444664
0.022754	6.962578
2.126951	0.800426
0.513336	1.552259
1.802791	0.813955
0.300661	2.328559
1.140155	1.124235
17.816877	0.41885
63.991158000000006	0.249595
32.150488	0.367063
0.349552	1.88161
0.132887	3.177993
2.147576	0.744939
18.595468	0.293096
0.494326	1.619086
17.390172	0.326709
0.9787570000000001	1.765466
0.023723	6.760843
12.959784000000003	0.325239
0.713171	1.367415
0.284828	2.149312
2.297631	0.694634
0.119875	3.264478
2.705626	0.955139
0.301556	2.092852
19.959166	0.561263
0.05561700000000001	4.660501
0.545558	1.854051
0.253019	2.415166
31.218114000000003	0.459516
19.666378	0.489262
1.324761	1.268908
1.015537	1.286523
15.522162999999999	0.687346
6.753627	0.586647
20.121852	0.241916
31.199627000000003	0.237003
1.309273	1.811449
0.9310080000000001	1.134383
2.679071	0.993209
1.7217370000000003	1.350869
24.403637	0.216365
3.024266	0.994364
0.105514	3.373762
0.607979	2.175012
0.611855	1.73438
0.741626	1.409172
6.694188	0.437026
69.831246	0.154227
0.245614	2.277044
1.135186	1.007098
0.266516	2.124175
3.1802240000000004	0.63626
0.291807	2.777744
1.413483	1.070321
0.641024	1.67761
71.284411	0.320954
17.057599	0.259679
1.442208	1.032195
1.399845	0.949871
11.681522	0.404205
0.7830190000000001	1.694042
14.303373	0.2802
3.436992	0.605183
4.329544	1.104799
0.445801	1.645087
0.481909	1.529921
3.3271	0.699102
0.077704	3.801322
10.411307	0.449326
1.101564	1.178486
0.322847	2.214945
0.20150000000000004	2.83974
0.417867	1.720856
0.172484	2.531503
7.028312000000001	0.729207
0.247175	2.442666
2.069766	0.753211
0.166266	2.589365
0.431905	1.732171
1.220494	1.63017
0.743467	1.321192
1.118504	1.245303
0.025546	6.514035
1.185172	1.14825
0.377963	2.045198
0.150791	2.889165
0.233981	2.403809
0.546969	1.412477
0.878166	1.160633
0.162575	2.658265
0.194765	3.084129
1.159755	1.081583
0.500925	2.821243
2.657953	0.663182
0.794777	1.199411
6.7384260000000005	0.879625
2.017005	0.767559
11.575437	0.338243
0.405036	2.529364
0.144119	2.931566
3.388343	0.5795
10.767609	0.342306
0.466371	1.553629
0.6344320000000001	1.361887
19.674323	0.241191
0.605991	1.381604
0.74707	1.785803
1.319751	1.615432
24.906601	0.490028
1.021953	1.063286
0.971298	1.697975
14.330232	0.277177
3.680868	0.582085
5.348486	0.483898
5.231391	0.564151
6.3079410000000005	0.954386
3.242557	0.670801
3.8712150000000003	1.091269
13.013858	0.390309
0.246659	2.169659
61.261615000000006	0.145808
11.749687	0.323012
0.181433	2.557556
35.482691	0.4037
1.518574	1.090682
1.786949	0.798671
0.579731	2.723157
28.439175	0.199788
36.971675	0.20177
2.595547	0.729055
4.556093	0.523141
0.080848	3.890856
0.044992	4.919107
20.593077	0.462231
1.345526	1.476118
6.603893000000001	0.420989
12.820834	0.732949
9.208332	0.519794
0.9335630000000001	1.149536