2.7702580000000006	1.323591
2.758642	1.527194
3.621436	1.463878
0.857558	1.243378
0.43058900000000006	2.222206
8.745238	1.175908
7.654817	1.166154
0.664985	2.054766
3.63467	1.433919
8.210374	1.146254
2.6215270000000004	1.516795
3.8243150000000004	1.451822
1.291871	1.83153
1.5651250000000003	1.66423
9.545536000000002	1.129047
6.826317	1.172774
1.673188	1.755167
1.835435	1.520406
8.040017000000002	1.253211
7.494670000000001	1.271076
7.089756	1.190853
0.864414	1.932284
7.639225000000001	1.088897
0.77626	1.830354
4.735059	1.321063
0.10874000000000002	2.102943
2.8754640000000005	1.425116
3.7802390000000003	1.405087
0.582045	1.90467
5.064778	1.368555
9.920944	1.208774
3.6405020000000006	1.363156
4.258706	1.409367
4.024394	1.403979
1.670524	1.741013
7.292843000000001	1.246084
7.006263000000001	1.069037
1.9839320000000003	1.641224
0.707967	1.271536
4.251114	1.113243
4.598372	1.213807
6.489823000000001	1.271951
2.11039	1.590647
0.360705	1.49476
1.306581	1.496302
4.316648	1.406666
6.020444	1.331914
4.39132	1.209586
7.090422	1.235148
0.10589500000000002	2.273112
5.370659	1.34412
1.246318	1.585681
6.5801	1.218989
3.6743640000000006	1.202576
1.284271	1.425531
7.227664000000001	1.302708
7.640915000000001	1.296016
2.0566640000000005	1.663872
8.61599	1.227437
1.7671670000000002	1.648264
1.7306710000000003	1.634425
9.238565	1.190572
9.831243	1.130646
6.945144000000001	1.263976
9.130548	1.065869
3.0880790000000005	1.5007
8.619319	1.136169
8.91453	1.071674
8.201486	1.083372
2.515417	1.365096
6.146712000000001	1.206455
5.13245	1.285685
1.548018	1.787143
7.634038	1.228193
8.846457	1.229807
6.686123	1.299261
8.995953	1.125867
7.227664000000001	1.302708
1.630096	1.534276
2.362037	1.155019
5.182906000000001	1.331438
1.5413940000000002	1.719387
4.620715	1.372726
9.050949	1.207951
1.3607060000000002	1.687353
8.24514	1.186117
2.1775920000000006	1.556715
3.543762	1.300681
0.8697060000000001	1.951696
4.189571	1.163386
5.608562	1.337916
1.046967	1.761371
0.527284	1.712196
5.703159000000001	1.088511
2.83738	1.144414
3.7148500000000007	1.403412
1.669687	1.262559
8.513327	1.060845
5.803257	1.282316
7.320807	1.196539
5.297552	1.195072
9.372554	1.062229
2.320309	1.150124
4.609429	1.377395
8.810573	1.215035
8.263566	1.23604
1.147511	1.86922
9.489123	1.08934
6.368197000000001	1.205774
0.753818	1.394554
0.46432100000000004	1.983885
1.574021	1.531669
6.487653	1.262494
2.085633	1.549122
4.098362	1.323984
8.31776	1.241249
4.189726	1.317822
9.997954	1.076127
8.495667000000001	1.209688
0.134867	1.384796
4.586163	1.135151
2.067577	1.49422
1.634424	1.444457
6.834131000000001	1.214913
1.893965	1.600763
2.748464	1.467685
5.348209000000001	1.105306
5.222925	1.238813
5.0249	1.135192
5.331302	1.297131
1.782431	1.704246
4.547336	1.296032
9.762416	1.060955
9.014779	1.184768
0.8466610000000001	1.757929
9.611613000000002	1.088151
5.823823	1.242507
0.9344540000000001	1.250688
9.467945	1.200735
4.714756	1.308809
0.10289300000000001	1.853743
3.9521240000000004	1.187712
8.109948	1.121919
6.827683000000001	1.167785
3.1768100000000006	1.53886
0.595911	2.045804
0.47862600000000005	2.08481
1.184786	1.827455
1.7912720000000002	1.334951
2.613108	1.402915
6.018733000000001	1.292722
1.419171	1.636026
9.017894	1.115687
0.521721	1.903269
0.588125	2.171081
8.059331	1.206902
6.6277680000000005	1.10855
1.101757	1.804359
5.715401	1.145418
0.7607900000000001	1.790269
4.187546	1.360306
8.114306	1.107137
4.577488	1.140277
3.9439090000000006	1.37858
3.154659	1.210956
2.411365	1.538307
5.578447	1.248193
0.3707480000000001	2.024644
8.524209	1.172055
7.416931	1.09526
5.302503	1.111881
7.016072000000001	1.197415
4.803362	1.230518
0.8889900000000001	1.89127
5.486602	1.288327
8.009564000000001	1.171017
8.765485	1.090738
7.942009	1.094082
2.086165	1.167141
0.7681480000000002	1.529697
6.676399000000001	1.139381
1.129973	1.913707
7.219363000000001	1.151176
0.727519	2.003725
1.4130430000000003	1.194694
0.963497	1.804368
4.403378	1.327655
4.899051	1.297312
3.17048	1.336317
5.616597	1.189748
1.423959	1.713649
0.988021	1.848161
1.0207450000000002	1.576301
6.072681000000001	1.284962
5.979278	1.1106
0.45757800000000004	2.132204
1.68202	1.599441
2.9512350000000005	1.466421
0.34316900000000006	2.274361
6.701581000000001	1.280973
9.628933	1.173244
3.8421020000000006	1.229343
0.6628860000000001	1.815267
9.214850000000002	1.163054
6.470726	1.156651
3.7925340000000003	1.319905
0.93821	1.659799
6.834436	1.100778
6.037639000000001	1.116235
1.579545	1.797578
3.4084210000000006	1.2684
3.5027220000000003	1.311789
2.310758	1.60334
6.391462	1.11697
1.433516	1.561833
0.39556900000000006	1.744714
4.64269	1.184901
3.1472750000000005	1.429055
7.717876000000001	1.173186
4.11768	1.146271
0.35741500000000004	1.948883
6.519551	1.172724
3.153481	1.377301
7.661287	1.0899
6.999562	1.111468
1.986561	1.48354
9.635754	1.18605
9.433744	1.134673
0.844699	1.875513
2.615231	1.26813
2.508048	1.413347
9.169006	1.082909
3.4408070000000004	1.347468
9.389525	1.160109
1.209765	1.655173
4.757818	1.102866
7.297798000000001	1.24447
6.638752000000001	1.204083
0.693033	1.354738
7.330902	1.167575
3.861469	1.318493
0.8061570000000001	1.718607
2.0300960000000003	1.326994
1.8536960000000002	1.451749
2.617721	1.48089
5.839998	1.185046
4.154448	1.267676
5.066713	1.11642
1.3252870000000003	1.776911
0.388904	1.852439
0.925608	1.373303
3.382505	1.387565
4.928667	1.354736
6.096976000000001	1.24992
5.103431	1.095953
6.940192000000001	1.254827
8.787501	1.167809
1.436819	1.391165
1.3646420000000001	1.524053
4.343316	1.350697
2.261666	1.407494
3.23202	1.294308
7.046968	1.083239
2.121682	1.407946
2.709013	1.319531
5.368394	1.235229
1.5161170000000002	1.635053
0.37995300000000004	1.905159
0.122267	1.560018
2.867184	1.417661
5.638847	1.192343
7.797836	1.203225
6.097060000000001	1.15744
0.11040000000000001	1.805223
0.109806	2.406757
3.2486020000000004	1.170796
3.3484000000000003	1.27103
0.533848	1.47445
4.809552	1.15192
9.945687	1.164975
2.445543	1.444725
1.5706120000000001	1.575785
7.507893000000001	1.120815
5.938404	1.181887
5.088615	1.183935
5.421216000000001	1.177954
0.134919	2.424594
1.223179	1.361509
3.2466220000000003	1.460204
5.497631	1.241109
1.7583630000000001	1.222636
2.993522	1.341557
0.17927300000000002	2.367355
2.2382800000000005	1.199251
0.9215240000000001	1.61739
1.044552	1.709153
3.596145	1.250123
5.841570000000001	1.23992
0.37409	1.94817
3.5485380000000006	1.123905
8.673692000000003	1.114307
1.164226	1.528723
0.11976500000000001	2.033654
5.298657000000001	1.144478
0.319913	2.185988
2.987209	1.299955
0.686595	1.432462
4.994538	1.282712
4.768635	1.179141
0.437766	2.137334
6.189956	1.119425
0.848426	1.659846
9.985976	1.099095
2.753585	1.37071
3.7531460000000005	1.164706
6.174888000000001	1.236615
0.858285	1.615535
2.276583	1.19919
0.9596310000000001	1.279153
0.48779700000000004	2.035891
5.008038	1.231438
4.757818	1.102866
0.485736	1.325925
1.7965980000000001	1.294818
0.637389	1.671325
1.679982	1.1845
8.407283	1.154589
2.527157	1.32239
0.35355400000000003	2.276425
2.078017	1.241109
0.10465200000000001	1.705553
0.602024	1.944736
2.527534	1.178198
3.7910510000000004	1.151026
8.946867	1.165968
6.342272000000001	1.222279
8.467975	1.107298
6.156902	1.163703
5.609226	1.297186
4.35688	1.264328
1.6376250000000003	1.263776
2.597777	1.1814
3.4671230000000004	1.148563
1.504226	1.40585
1.871872	1.529109
3.341952	1.442164
0.15599200000000002	1.934774
4.757716	1.247217
2.912568	1.294287
1.19969	1.595251
0.238892	2.187592
3.9111840000000004	1.128929
1.028022	1.717407
0.6818250000000001	1.349316
2.63654	1.217843
0.11296	1.474605
2.983908	1.17847
2.291377	1.45879
0.403458	1.418197
1.191722	1.303307
4.137881	1.207052
0.664134	1.865936
0.850746	1.395543
0.546548	1.385804
3.0176200000000004	1.394147
3.4343600000000003	1.195454
1.597379	1.317929
9.226026	1.118464
1.5236870000000002	1.491925
0.46780600000000006	2.076602
2.039637	1.369551
1.139389	1.46563
3.0231030000000003	1.25092
0.7826810000000001	1.710882
1.33586	1.429205
7.579943	1.210505
0.6063450000000001	1.854997
0.140359	2.294132
2.74932	1.278121
2.1102480000000003	1.327963
1.153799	1.259729
1.94538	1.441706
0.526099	1.30729
0.11838100000000001	2.197038
1.180287	1.627838
7.4223360000000005	1.159437
1.900233	1.411642
0.17085600000000004	1.424229
0.9675590000000001	1.547086
2.4020520000000003	1.508685
0.38136400000000004	1.805439
2.274734	1.480317
3.9688490000000005	1.364494
1.057323	1.761396
7.812604	1.111793
1.8904540000000003	1.370289
4.201017	1.120638
3.622883	1.343919
4.015662	1.187475
0.68795	1.312925
8.440242	1.113012
0.147926	1.892847
1.9607620000000001	1.552985
0.156794	1.802336
4.59397	1.254408
0.7507320000000001	1.580529
7.010224000000001	1.153762
7.871112	1.136257
1.362516	1.275492
2.91723	1.153077
1.9465310000000002	1.205771
2.489659	1.341882
0.682003	1.955716
0.791267	1.564261
5.057687	1.206291
0.581246	1.515086
3.280431	1.211278
0.12221200000000002	1.607844
4.450261	1.169558
9.857698	1.144664
1.11101	1.321362
1.6810530000000001	1.490504
1.9009980000000002	1.277177
1.457262	1.220835
3.930209	1.283536
0.22699200000000003	2.067799
1.462873	1.254298
1.91908	1.184997
3.6548660000000006	1.251995
1.244435	1.729461
5.651108000000001	1.122182
0.198178	2.235896
0.623939	1.752741
1.230122	1.237953
2.321439	1.347912
3.6732840000000007	1.203372
0.392344	1.580196
1.268231	1.53652
1.664534	1.373054
2.4048360000000004	1.268662
7.500746	1.136069
0.483403	1.454881
0.176592	1.620079
0.369793	1.56949
0.9830130000000001	1.438357
1.195786	1.462464
0.601638	1.75935
5.507850000000001	1.147329
4.225905	1.246515
0.160607	2.021694
3.8500250000000005	1.238864
3.2133570000000002	1.135249
0.913312	1.423185
1.680794	1.220217
0.166212	2.100257
1.7827890000000002	1.37702
3.942778	1.270106
2.180664	1.286008
0.189675	2.357927
0.30248600000000003	1.455781
0.774494	1.286002
0.24314200000000002	1.347958
0.581229	1.814141
2.238827	1.297885
0.10072200000000002	1.703328
3.169947	1.253613
1.9726100000000002	1.25031
0.370684	1.363645
0.504489	1.982105
0.155071	1.934634
0.176552	1.422788
0.950609	1.499369
0.586732	1.555547
7.9266630000000005	1.15538
0.136907	2.225768
0.10281600000000002	1.562062
0.746033	1.474504
2.299884	1.354728
0.5527950000000001	1.525172
0.531994	1.707026
0.21233200000000002	1.978718
0.48564500000000005	1.414782
3.4192400000000003	1.408058
2.859295	1.362882
0.303115	1.853784
1.413171	1.457405
2.831004	1.208482
1.9015490000000002	1.571948
0.866846	1.332035
0.9321790000000001	1.504566
0.38889200000000007	1.632213
0.149413	1.660755
0.188158	1.744266
1.6064980000000002	1.426984
7.219158000000001	1.104571
0.18874600000000002	2.311618
4.389003000000001	1.155961
0.658876	1.662714
0.103853	2.152529
4.385355	1.208998
8.319433	1.181285
0.699666	1.45091
0.173538	1.478807
0.6946370000000001	1.627738
1.4164580000000002	1.35115
0.284088	1.781327
0.577534	1.615247
0.241126	1.527332
1.127464	1.397736
6.293119000000001	1.136895
0.32563000000000003	1.692988
1.224025	1.373797
1.370198	1.334362
0.299627	1.899215
2.329223	1.246053
0.22768200000000002	2.136596
1.5791290000000002	1.307526
0.9504230000000001	1.333007
0.270733	1.505232
0.3260080000000001	1.701644
0.47883100000000006	1.636982
0.11720300000000002	1.65311
0.24892400000000003	1.76401
0.110981	1.850512
2.8181950000000002	1.242449
2.488039	1.232139
0.266646	1.990337