0.020557	6.951923
18.177423	0.527031
1.10084	0.658436
33.82771	0.271649
27.533732	0.149754
59.70661200000001	0.08664
11.953825	0.620857
62.674115	0.272495
0.024902000000000004	6.290248
22.27036	0.332327
0.017021	7.672471
45.09812	0.091166
0.04895499999999999	4.46591
0.037728	5.161643
12.000746	0.52904
56.965526	0.253819
28.552251000000002	0.365441
0.05372500000000001	4.324969
22.107334	0.360174
0.013766	8.529185
0.066588	4.040646
0.025325	6.277704
0.095504	3.233971
3.11894	1.047485
28.265018	0.313238
50.966719999999995	0.254162
76.945163	0.369799
43.044078	0.462114
0.030521	5.730885
12.627087000000001	0.332767
7.995256	0.268264
55.31783800000001	0.232554
9.196475	0.464637
0.0207	6.991789
89.148022	0.187989
2.891197	1.001455
0.125548	2.840887
9.641615	0.181013
79.811259	0.252983
88.326256	0.402703
41.909104	0.293408
11.098076	0.467847
94.646135	0.237526
56.655198	0.170581
0.055009	4.272734
99.198326	0.064786
0.072074	3.743039
78.577445	0.29097
38.67952	0.289973
39.668856	0.299208
57.13880100000001	0.182836
80.207625	0.070988
0.015344	8.082623
0.012343	8.993651
0.089768	3.201214
42.76888	0.122211
84.390673	0.286796
0.026199000000000004	6.183515
89.31513	0.094333
5.588944	0.437446
34.649754	0.364134
0.015555	7.994025
82.511713	0.100003
0.010415	9.802317
40.70707	0.241944
0.02282	6.618129
0.079041	3.569879
66.807591	0.271651
73.497696	0.077034
0.022428	6.671063
85.726955	0.209651
37.401216	0.179807
64.238498	0.201097
0.028227	5.910832
0.018748	7.279006
0.013799	8.460825
0.016279	7.843188
49.687492	0.334567
66.791225	0.261543
92.415988	0.269519
24.810583	0.305922
0.05031700000000001	4.476456
0.031278	5.596696
0.014868	8.206586
11.601393	0.392557
0.025008000000000002	6.299763
12.331247	0.282086
40.039711	0.106694
31.822577000000003	0.397815
0.035557	5.371284
25.908304000000005	0.133628
0.021969	6.754232
49.459801	0.314183
2.445526	0.925762
21.46229	0.171042
20.505509	0.134582
61.97018800000001	0.189582
94.689168	0.300375
0.01276	8.918572
1.669294	0.5859
0.011369	9.383953
28.552251000000002	0.365441
61.120635	0.431709
8.629635	0.19836
0.013176	8.739464
0.125795	2.744106
39.595416	0.134261
19.245228	0.285419
68.326927	0.076765
45.353623	0.393062
0.020115	7.043627
45.913846	0.326504
57.161387	0.082505
27.557146999999997	0.302682
0.016655	7.757855
24.027413	0.408869
0.018632	7.372461
47.321609	0.423851
0.014562	8.24502
55.669731	0.349689
28.406614	0.376755
38.330506	0.314643
0.011948	9.12004
69.217617	0.262145
56.05427900000001	0.279397
4.975809	0.729205
53.609569	0.117879
0.320311	2.067541
0.041001	4.956173
0.037839	5.148697
94.58494200000001	0.180487
43.779026	0.210139
0.124911	2.695176
83.495159	0.312531
51.660837	0.240751
12.661209000000001	0.512031
82.240637	0.217471
0.11719200000000002	2.939147
19.336942	0.347247
0.016258	7.848883
0.029635	5.81311
9.891914	0.257645
16.976184	0.554933
0.02282	6.618129
39.143603	0.2564
0.017938	7.470872
0.047241	4.75004
41.468724	0.236616
73.099772	0.087623
56.558083999999994	0.316846
18.966457	0.170446
0.010726	9.636296
23.798646	0.36609
0.02625	6.171666
58.95077800000001	0.076795
0.02314	6.590425
77.52407	0.230945
86.156808	0.247072
0.0346	5.337113
39.762364	0.167533
33.178377	0.414572
45.367012	0.099345
0.010952	9.559829
5.974468	0.879262
35.777797	0.290856
50.506612	0.431497
42.375725	0.184296
0.0346	5.337113
0.089979	3.346257
67.614782	0.148368
21.362788	0.307872
0.011139	9.470004
0.204161	2.216059
0.045993	4.606718
0.013799	8.460825
5.471195	0.573627
81.58819	0.184628
0.028141	5.971056
0.011513	9.324583
5.579234	0.714297
83.188563	0.251498
0.041178	4.925743
33.991403	0.22891
0.09663	3.207664
55.380419	0.207708
0.013596999999999998	8.575396
59.23493	0.176789
16.317624	0.173206
60.99938800000001	0.09545
86.222428	0.204085
4.552929	0.293455
55.669731	0.349689
44.626919	0.118116
0.05450700000000001	4.296627
23.818401	0.317911
26.412816	0.431837
3.5742600000000007	0.77958
0.053428	4.297263
0.20614700000000002	2.308824
43.843861	0.237641
46.880305	0.158695
14.173313000000002	0.358978
0.011792	9.160156
0.055141	4.167624
0.020594	6.978026
10.603256	0.509371
78.741263	0.132275
0.010596	9.714399
18.058896	0.426886
22.095258	0.424347
0.016593	7.760848
13.548621999999998	0.571186
0.072543	3.726963
67.798293	0.232898
0.022428	6.671063
0.020024	7.065946
92.042779	0.236113
0.018186	7.446499
5.554008	0.584452
80.893804	0.084
0.030322000000000005	5.752442
23.798646	0.36609
0.011443	9.313935
33.68529	0.374473
1.903459	0.486972
92.395784	0.253944
16.069303	0.451151
81.933017	0.16773
42.42771	0.35132
0.010559	9.73587
37.971985	0.115753
96.765107	0.226414
27.897956	0.12803
93.521841	0.225084
0.017284	7.601126
58.110984	0.216091
86.162755	0.368049
0.030170000000000002	5.765253
6.092879	0.241337
0.011863	9.199912
37.053349	0.266983
85.52058200000002	0.225866
16.045936	0.406626
0.012885	8.763016
43.94508	0.136984
0.018319	7.355332
0.011695	9.198063
84.944656	0.290945
0.010637	9.64991
98.697305	0.212222
85.720609	0.322015
42.465353	0.247756
91.452465	0.101637
0.010172	9.919381
0.018386	7.384248
0.022092	6.705126
79.664368	0.22258
82.345753	0.251123
0.013187000000000003	8.670211
86.164712	0.157943
70.127804	0.28548
70.142669	0.308533
0.014032	8.450658
65.754212	0.243327
58.644951	0.272181
0.023828000000000002	6.417285
12.661209000000001	0.512031
0.01636	7.822441
0.01232	8.97753
0.011717	9.242577
85.654159	0.095762
0.055009	4.272734
75.848474	0.082823
33.257736	0.322093
0.026640000000000004	6.063184
16.165011	0.451638
0.011137	9.470069
26.880539	0.359033
0.016279	7.794379
20.740461	0.204476
48.821306	0.385047
70.822427	0.279042
0.096794	3.211695
46.05057	0.206359
0.025977	6.203743
0.346102	1.68892
0.023571	6.525989
17.217864	0.353906
0.017563	7.552496
0.079706	3.554764
0.01445	8.304048
0.017313	7.615723
64.024263	0.129156
35.415668	0.194215
3.11894	1.047485
73.155699	0.251569
48.714556	0.190254
2.756125	0.868238
69.682958	0.176431
34.548438	0.423311
60.728767	0.279901
0.020791	6.998066
0.027599	5.953737
15.273276	0.381838
12.926991	0.378984
0.013827000000000002	8.482894
49.763232	0.097115
36.246444	0.148124
35.333288	0.33688
0.011622	9.276134
0.030841	5.717221
0.048375	4.552795
28.527896	0.139529
24.833681	0.357039
15.174375000000001	0.601149
22.878428	0.44172
0.014774000000000002	8.192557
53.768052	0.134066
3.736137	0.706253
0.010624	9.686685
97.404276	0.226873
0.033682	5.45527
0.047338	4.490631
24.136705	0.15701
0.019637	7.142368
35.154826	0.340917
0.234992	2.091605
0.046352	4.69363
0.015875	7.943905
0.138938	2.684924
0.018506	7.35571
13.816391	0.450434
82.604552	0.184367
89.592575	0.241338
55.700441	0.295123
12.460395	0.549144
0.010595	9.684981
0.013647	8.561289
30.923376	0.35427
32.390393	0.221801
26.312989	0.374614
0.032277	5.574244
4.401601	0.850405
0.034562	5.38517
0.019514	7.160308
32.471009	0.332906
20.925011	0.216371
55.655561	0.090528
0.01111	9.494056
6.09467	0.645052
0.038072	5.132625
0.011431	9.379539
49.459801	0.314183
86.498049	0.288538
90.262668	0.198482
0.018632	7.372461
9.507059	0.574397
0.02078	6.946335
92.841169	0.167019
0.275557	2.022612
0.035557	5.371284
0.032225	5.579193
99.497911	0.364243
61.314709	0.159749
69.886048	0.242109
0.01349	8.588317
0.010851	9.591585
0.012862	8.777182
0.025941000000000002	6.218079
25.748115	0.265017
97.679347	0.257277
80.054369	0.084891
14.699102	0.511854
40.005974	0.221709
68.64113	0.233426
20.851083	0.374147
27.42532	0.172439
11.494671	0.228619
76.678929	0.168324
64.563171	0.168978
0.057296	4.336632
17.171154	0.284178
0.011476	9.346154
0.014153	8.373726
9.422419	0.285904
57.017943	0.298244
0.011568	9.245381
22.472494	0.237059
0.023828000000000002	6.417285
52.879772	0.08473
29.560566000000005	0.344493
5.708687	0.559773
0.011588	9.314092
0.024248	6.365063
56.182273	0.373137
0.022748	6.64823
6.784302	0.21839
35.696684	0.313146
30.123905	0.145562
28.527896	0.139529
0.012075	9.065947
81.373306	0.289146
0.015092	8.149645
0.037048	5.1862
0.021121	6.872181
76.094815	0.214022
49.992927	0.198381
48.451984	0.24506
26.924268	0.336725
1.169794	0.642581
72.814693	0.190348
0.015791	7.902907
69.091682	0.087506
0.021755	6.728037
0.044696	4.767908
16.017246	0.526325
21.78349	0.395059
73.155699	0.251569
0.012847000000000003	8.82485
9.749196	0.733131
0.030867	5.605177
0.059396000000000004	4.115815
0.020294	7.026618
8.282053	0.697008
0.039011	5.075567
0.010726	9.636296
82.240637	0.217471
0.011013	9.559789
0.014868	8.206586
50.382539	0.149922
95.45225	0.135521
0.068362	3.815967
40.233159	0.320231
36.643612	0.301971
91.521312	0.091006
0.025536999999999997	6.193925
0.038973	4.968697
0.010636	9.698378
0.077644	3.588419
0.037235	5.13585
33.82771	0.271649
68.382554	0.07482
96.217902	0.065558
16.080386	0.388874
67.908786	0.190494
0.048164	4.550721
59.93246	0.20369
18.238411	0.54289
50.854049	0.343191
0.024131	6.445296
50.858789	0.268102
99.332165	0.149261
0.018821	7.236151
63.030398	0.143393
2.342444	0.973904
93.890025	0.301443
53.330433	0.300434
67.596002	0.318751
54.574986	0.363017
0.071671	3.735193
0.014182	8.40707
87.520728	0.089207
19.279332	0.333607
0.015275	8.098571
0.031578	5.638385
56.05427900000001	0.279397
66.791225	0.261543
34.098452	0.210591
0.040569	4.979063
44.430597	0.405172
0.010997	9.520422
37.993927	0.315076
0.028813	5.899547
10.752156	0.696599
0.014121000000000002	8.360517
0.021208	6.855823
0.02669	6.093755
8.296571	0.488012
0.012329	9.007541
0.032816	5.518025
0.012275	9.053265
77.825743	0.072793
0.012438	8.973903
13.698021000000002	0.432536
50.72302200000001	0.293409
7.177958000000001	0.322621
90.193353	0.145839
0.030978000000000002	5.648959
55.246475	0.172926
0.016596	7.768686
0.018558	7.293029
69.436371	0.199721
83.61188	0.179719
0.029041	5.877808
67.623171	0.339186
0.684879	1.259583
90.210633	0.254474
41.500646	0.280788
0.029682	5.802186
42.222128	0.328992
24.906258	0.301261
15.91759	0.583728
0.012537999999999999	8.93624
29.739009	0.108288
93.388251	0.217933
86.156808	0.247072
0.014891000000000001	8.194581
0.014978	8.164709
17.455577	0.148348
81.057702	0.121224
99.497911	0.364243
0.145574	2.615982
0.016554	7.77956
4.425194	0.410698
0.019103	7.233375
0.052806	4.37308
91.429984	0.189338
15.91759	0.583728
62.219861	0.204936
0.01932	7.196902
0.093542	3.267249
54.993016	0.258549
29.085073	0.278622
61.346946	0.25087
0.023973	6.469225
59.450494	0.225195
62.357335000000006	0.26167
29.579629	0.324564
18.170878	0.326749
0.013181	8.698031
0.035206	5.308855
14.380732999999998	0.490974
7.597014000000001	0.635667
0.029921	5.791818
0.026508	6.0694
0.01196	9.14226
50.357821	0.102309
58.66028200000001	0.215152
66.472751	0.093808
0.012033	9.10254
61.687305	0.093931
7.185662	0.757298
0.034562	5.38517
0.020751	6.897468
92.529295	0.071142
32.993944	0.286013
34.456512	0.223555
59.093762999999996	0.187838
0.029486999999999996	5.833307
76.233018	0.129979
0.01343	8.661883
18.894202	0.213876
0.022853	6.558916
85.937412	0.108144
2.844089	1.014619
0.01347	8.626083
62.40922	0.243395
42.917635	0.303241
0.023494	6.464356
64.931969	0.18508
7.219764	0.608077
0.11463600000000002	2.962686
0.091263	3.17678
0.04194	4.895628
0.017145	7.641677
27.21896	0.114852
30.184777	0.322786
0.165503	2.452484
0.029995	5.796543
0.015717	7.988573
29.400345	0.292714
0.022639	6.580233
21.930102	0.29414
40.329862	0.136065
0.018324	7.394233
0.028614	5.925344
52.742135000000005	0.226176
0.029201000000000005	5.825138
48.065747	0.104595
0.027547	6.020004
34.782081	0.295074
17.178177	0.390587
0.021976	6.727247
45.543666	0.341688
0.03557	5.262536
28.497256	0.198767
0.086825	3.390753
0.04833500000000001	4.577915
84.078431	0.197485
0.166132	2.42381
0.153514	2.55964
0.030709	5.695546
75.8333	0.18011
76.457526	0.247819
0.020317	7.014095
12.890798	0.301952
57.161387	0.082505
26.857308000000003	0.337703
10.595628	0.239968
19.435155	0.455905
53.441267	0.294708
0.035963	5.281393
0.111812	3.007591
90.92448	0.174789
0.012307	9.020345
0.011932	9.161159
0.010826	9.617877
45.565381	0.113376
0.018961	7.224813
54.591249	0.225366
0.032981	5.510491
26.703293	0.230127
46.847197	0.136121
0.048195	4.447961
0.05605299999999999	4.192997
0.018664	7.292127
0.027599	5.953737
39.571638	0.204307
0.037174	5.350519
58.644951	0.272181
0.010415	9.802317
0.016362	7.860419
43.072644	0.124514
0.015102	8.141451
0.014266	8.418031
0.01447	8.319191
0.017938	7.470872
89.711347	0.134801
71.875154	0.112741
14.227427	0.185749
30.117779	0.187839
0.035897	5.284528
0.017161	7.62868
0.032288	5.495308
0.012822000000000002	8.865403
0.027119000000000004	6.078612
19.916991	0.362655
0.09945399999999999	3.105998
14.010416000000001	0.541994
17.530868	0.356527
0.114455	2.978968
87.103533	0.424492
56.15993099999999	0.095206
14.098596999999998	0.286991
0.046456	4.650763
82.14213	0.111299
67.577611	0.196029
42.917635	0.303241
28.073558	0.284093
0.037708	5.161163
0.03578	5.208537
60.465947	0.114312
79.848432	0.097608
0.015791	7.902907
50.162368	0.227955
3.472728	0.765679
0.061285	3.983128
31.420982	0.103526
0.032639	5.531244
12.354805	0.363643
0.028813	5.899547
13.467059	0.220008
0.02179	6.792091
53.29905699999999	0.269041
0.020247	7.003632
23.030904	0.376494
0.030367	5.685384
99.933928	0.183204
18.421746	0.380058
0.988723	0.701658
0.04296	4.83181
0.103999	3.07255
20.68383	0.285598
56.558083999999994	0.316846
0.020333	6.969058
0.046898	4.540208
0.122546	2.851414
0.012143	9.083513
0.013167	8.694098
0.021956	6.689678
0.102777	3.100392
85.725009	0.127372
77.351932	0.310472
0.045701	4.665103
96.217902	0.065558
0.026199000000000004	6.183515
4.975809	0.729205
45.516717	0.294154
0.049306	4.407326
0.033964	5.418179
85.68690700000002	0.225712
53.69422	0.182822
0.010745	9.622447
0.068221	3.783047
0.148534	2.490481
0.011662	9.2529
1.940036	0.409845
13.548621999999998	0.571186
18.924176	0.436304
8.629635	0.19836
0.021307	6.782226
98.533498	0.244115
35.485014	0.326376
40.495309	0.209174
89.191416	0.23478
26.208934	0.411552
87.870039	0.209895
4.947532	0.272163
0.197739	2.242069
88.326256	0.402703
98.945182	0.109943
3.6820880000000002	0.358304
0.012343	8.993651
0.024660999999999995	6.309307
44.451595	0.239596
49.548106	0.370016
0.01074	9.65701
23.319522	0.166229
0.02115	6.87164
0.010856	9.572444
17.098168	0.469996
0.027054000000000005	6.087948
84.858336	0.094509
0.026819000000000003	6.119374
33.455357	0.298264
50.506612	0.431497
5.507034	0.669081
0.04388700000000001	4.763975
0.029231	5.843916
64.843456	0.153873
22.810147	0.376182
0.023859	6.482968
96.639028	0.211433
9.327724	0.236961
0.01572	7.969897
0.024569	6.37552
0.013035	8.764738
0.013921	8.478354
0.015445000000000002	8.022351
0.017287	7.5779
64.981496	0.254187
21.880965	0.265949
1.265863	0.532305
31.090260000000004	0.20824
0.053218999999999995	4.336243
30.76604	0.127332
55.094926	0.182717
0.087807	3.36812
32.559998	0.362771
0.012862	8.777182
71.72323	0.227794
0.031279	5.654207
40.919511	0.192357
29.559468	0.389482
35.616023	0.244511
0.029911	5.707396
31.226653999999996	0.24709
2.681943	0.421629
91.810346	0.21185
0.042772	4.843502
24.926205000000003	0.122183
25.142643	0.242459
73.387895	0.191728
0.017492	7.562647
3.573357	0.34466
87.986923	0.10291
0.272796	1.938218
59.31528	0.131996
0.013494	8.613243
0.094335	3.230799
58.179013000000005	0.234846
75.187747	0.153371
48.113	0.213788
75.120353	0.16744
0.036421	5.251311
0.201	2.045151
59.118094	0.18998
0.019421	7.186496
19.382722	0.252856
88.587677	0.255798
0.014833	8.247083
96.631276	0.184382
0.027568	6.032825
65.511807	0.225241
26.218621	0.373181
26.525758999999997	0.596021
0.047464	4.594754
66.758801	0.29309
80.36107	0.287509
0.015132000000000001	8.133904
35.480739	0.411096
0.038801	5.088206
0.093277	3.256816
79.244184	0.146111
0.069979	3.696783
96.205664	0.075785
60.67194299999999	0.111787
41.591909	0.293549
0.013099	8.745844
0.018449	7.331884
3.187721	0.846763
80.197002	0.101338
0.013976	8.447377
67.596002	0.318751
94.213856	0.063887
0.014801000000000002	8.229849
39.537899	0.346197
0.125632	2.718415
77.098101	0.156496
80.485049	0.193061
56.48613	0.12372
0.019636	7.153474
37.270543	0.252391
59.70661200000001	0.08664
41.500646	0.280788
0.088277	3.394968
0.019272	7.208396
35.383305	0.257981
0.092521	3.309503
23.961386	0.429189
75.082148	0.095339
7.496772	0.256667
35.616023	0.244511
16.011188	0.649127
36.05195	0.279288
0.010009	9.950109
80.803954	0.20421
0.02452	6.32971
0.069262	3.810551
0.020558	6.909121
23.795778	0.324737
0.062213000000000004	3.997611
29.448072000000003	0.22527
0.011638	9.273842
24.926205000000003	0.122183
0.101655	3.272701
0.035191	5.308986
0.023678	6.480628
88.784828	0.068168
71.527392	0.301216
0.039011	5.075567
15.439175000000002	0.254373
0.020163	7.047784
0.01279	8.894212
0.230478	2.077688
66.356997	0.340415
2.933335	0.396598
29.522302	0.155302
1.479778	0.523126
17.015864	0.295127
0.013521	8.600104
16.784766	0.314247
0.212625	2.149408
0.517262	1.614469
13.995389	0.461608
0.04936900000000001	4.514836
92.042779	0.236113
98.452303	0.076353
14.994903	0.440475
0.013435	8.631357
87.053796	0.201121
74.154185	0.199511
0.018226	7.413065
0.012794	8.850022
14.010416000000001	0.541994
7.454758	0.621059
0.300221	1.85245
0.019459	7.17285
0.045353	4.66587
0.021004	6.855865
62.125687	0.234217
45.254291	0.1735
0.010111	9.965262
69.741546	0.224413
0.012533000000000002	8.938928
0.04394	4.782107
67.687475	0.281823
0.019896	7.098915
21.535438	0.43364
0.048071	4.50238
48.770564	0.257025
0.03239	5.559942
0.021900000000000003	6.76517
0.013158000000000001	8.72378
0.318889	1.769581
72.353695	0.241307
23.910747	0.354616
0.018747	7.279201
39.771493	0.121241
0.02483	6.352758
0.021367	6.841951
0.016823	7.65949
8.907722	0.222285
30.403851	0.294647
0.043525	4.799245
26.442266000000004	0.185354
56.7491	0.157674
0.026687	6.132511
0.018323	7.399873
0.097023	3.222737
0.021377	6.811819
0.013833000000000002	8.519445
0.040135	4.99254
0.081919	3.516507
0.032857	5.530784
0.01013	9.935812
74.224655	0.173921
0.015036000000000002	8.162596
0.01636	7.822441
42.222128	0.328992
37.702402	0.097726
77.9455	0.204897
0.038331	5.175311
0.020582	6.908267
82.123275	0.229413
89.31513	0.094333
45.889808	0.240815
91.829511	0.129163
48.902326	0.28555
39.067719	0.264788
12.961006999999999	0.19021
9.030216	0.443215
73.100601	0.306502
23.77117	0.229289
10.548648	0.195295
7.752057	0.523645
3.5742600000000007	0.77958
85.642125	0.080755
0.260593	1.932495
0.010111	9.929773
0.01019	9.90927
65.948843	0.21465
0.072942	3.685037
0.06447	3.945013
95.748944	0.174276
0.095671	3.379144
48.234076	0.268791
77.047345	0.115526
0.021900000000000003	6.76517
0.045179	4.700873
0.052893	4.257231
0.023587	6.506868
70.422715	0.219483
34.638958	0.109998
17.180336	0.155198
0.010194	9.879226
0.018049	7.448245
59.68659400000001	0.226591
0.01028	9.849513
0.209248	2.138026
0.075692	3.647305
9.839953	0.487685
0.052484	4.262701
0.079484	3.523907
0.061054000000000004	4.043419
49.992927	0.198381
0.025073	6.324896
82.229468	0.205929
11.929124	0.188077
97.259102	0.144288
43.650363	0.437748
49.278878	0.207916
94.776982	0.19111
0.018346	7.344079
0.014381	8.344238
37.772567	0.328706
73.105424	0.16409
47.869876	0.233361
0.010387	9.817341
34.988553	0.113086
62.357335000000006	0.26167
14.610191	0.20859
0.079738	3.615067
0.311566	1.925037
5.54645	0.504878
0.047458	4.591684
71.14124	0.267388
15.731268000000002	0.606782
12.576414	0.246352
0.05573700000000001	4.246387
85.081324	0.184574
32.78798	0.238076
1.6506819999999998	0.473316
0.056225000000000004	4.103639
0.035306	5.440504
63.331886999999995	0.153431
16.285298	0.271627
49.823714	0.12073
18.979014	0.213059
0.148479	2.464819
10.722411	0.402833
4.376759	0.607053
23.861124	0.227528
0.010324	9.850645
32.163627	0.196083
0.010458	9.782443
0.083675	3.45757
91.491354	0.154841
0.021401	6.844154
86.28499	0.185843
0.038266	5.115304
7.240723	0.333556
84.939804	0.142309
31.794603	0.274946
99.087965	0.193623
2.876424	0.48689
91.595875	0.246056
0.037438	5.103865
36.743308	0.103667
20.844015	0.148675
16.976184	0.554933
0.010292	9.8217
23.902233	0.275529
42.947372	0.194695
95.891674	0.21447
0.024131	6.445296
0.078212	3.5679
0.012794	8.850022
22.242422	0.133373
0.017287	7.5779
0.017223	7.588672
0.01102	9.532448
74.332009	0.07671
36.517623	0.349226
11.822824	0.581415
0.045788	4.678101
0.013164	8.721759
0.01196	9.143228
0.042338	4.881522
0.011407	9.355326
0.424616	1.530022
0.046031	4.680498
59.530099	0.32518
0.027873999999999996	5.996267
82.319987	0.076986
0.05374700000000001	4.319949
0.025475000000000005	6.34166
0.066982	3.769221
0.051545	4.403544
63.285734000000005	0.31125
0.075193	3.644465
77.9455	0.204897
0.016935	7.660631
0.080469	3.528821
43.680962	0.227669
98.001886	0.162208
7.814067	0.411762
0.017148	7.642241
20.794722	0.293957
2.922712	0.374857
0.052587	4.376579
27.784349	0.392618
5.49762	0.585516
94.646135	0.237526
0.015733	7.981685
13.985376000000002	0.235043
0.023085	6.560072
6.849995000000001	0.293855
0.015458	8.012266
13.281612	0.273072
0.02065	7.010039
0.051994	4.383859
0.018413	7.433769
0.07356	3.628547
10.142878	0.354648
0.031256	5.659081
52.191365	0.097469
41.281157	0.252396
0.030085	5.77303
1.9700619999999998	0.499903
0.017039	7.688609
29.441204	0.255837
0.059415	4.078611
21.78349	0.395059
89.350324	0.075768
0.010976	9.544065
57.55403600000001	0.196007
0.026819000000000003	6.119374
0.010457	9.759719
0.262303	1.968657
0.031603	5.555009
0.100536	3.163761
59.259124	0.152649
57.13880100000001	0.182836
0.011242000000000002	9.431237
0.066664	4.01739
11.962067	0.260351
0.148555	2.614406
90.454073	0.17245
35.41306	0.259682
59.23493	0.176789
0.023194	6.494984
32.391987	0.280509
99.079069	0.086667
50.921528	0.26682
0.027498	6.04358
42.526859	0.144199
17.409673	0.264894
63.039058000000004	0.132566
24.383905	0.162001
17.36849	0.317261
29.012721000000003	0.158496
9.06905	0.248127
2.4647370000000004	0.596694
50.283089999999994	0.252253
0.12031299999999999	2.880432
35.630907	0.315471
0.041373	4.853532
0.073177	3.686576
6.480246000000001	0.305648
0.010177	9.911274
0.02192	6.747987
0.07118	3.753893
0.058042	4.13888
47.062302	0.222445
95.539352	0.202381
0.031085000000000005	5.680911
0.243741	1.951483
58.22258800000001	0.251324
0.013705	8.548783
0.017307	7.590955
91.381146	0.143064
0.160631	2.500609
31.090260000000004	0.20824
0.026429000000000005	6.169227
0.217009	2.190242
74.420646	0.13541
3.426454	0.379984
0.017284	7.601126
0.099953	3.162085
0.118698	2.890639
0.080268	3.543198
51.513975	0.186257
0.155938	2.786078
0.010194	9.879226
46.769181	0.162788
0.131003	2.950173
70.904526	0.181049
4.680387	0.711353
0.016076	7.872919
0.017741	7.517042
38.066499	0.115245
0.030710000000000005	5.665225
12.655806	0.439375
21.686068	0.186115
0.049232	4.533886
0.036196	5.269235
0.015198	8.119964
29.800376	0.239808
7.666721	0.570435
3.8766550000000004	0.324724
0.017606	7.501033
46.05057	0.206359
0.067372	3.856404
53.123474	0.205383
0.028411000000000002	5.940421
0.257985	1.994132
53.683567	0.105792
0.068102	3.844005
77.91934600000002	0.085989
31.237664999999996	0.161241
0.020766	6.940172
11.810099	0.622562
49.952339	0.461247
0.24783600000000003	2.03504
28.650611000000005	0.23439
0.039742	4.997135
67.320541	0.177084
0.083037	3.463268
37.559682	0.138947
0.031123	5.674123
0.028149	5.985432
78.362419	0.174384
0.017091	7.614774
0.120855	2.895871
0.018106	7.408581
14.008978000000003	0.392
45.61071	0.127707
0.015606	8.061263
41.112071	0.188415
0.04836	4.566144
0.016507	7.784029
0.019256	7.218508
0.16406	2.46648
59.303665	0.163778
0.043005	4.786913
69.091682	0.087506
0.041373	4.853532
0.036783	5.202753
48.24004	0.086136
0.125031	2.735738
0.020105	7.063809
9.758461	0.431432
0.019271000000000003	7.21167
35.543225	0.353514
10.739584	0.449184
0.010263	9.839495
22.064233	0.346125
0.04194	4.895628
11.355919	0.293544
79.664368	0.22258
5.431466	0.633872
59.377970000000005	0.125665
0.030935	5.60877
0.014304	8.3639
0.028057000000000002	6.052274
0.012273	9.035009
87.341746	0.116637
3.988131	0.3212
0.041477	4.908988
0.067116	3.874831
16.96976	0.424074
0.015836	7.917965
17.305886	0.234207
6.200375	0.549099
23.162718	0.127946
0.014689	8.256806
6.161753	0.769391
24.126482	0.259887
23.181313	0.328107
70.032887	0.189361
76.422402	0.143842
23.878187	0.387596
0.011486	9.335359
99.393517	0.136906
54.72738300000001	0.145562
0.039883	4.942277
0.038894	5.056029
10.752156	0.696599
0.015132000000000001	8.127948
34.367972	0.212567
0.023396	6.546368
1.025405	0.981666
21.027118	0.271846
37.112733	0.169069
0.069038	3.71339
0.047062	4.524939
0.040444	4.982515
0.046538	4.563715
97.22109	0.126956
7.22986	0.462257
66.415395	0.202392
0.067866	3.842634
0.189228	2.330101
0.066982	3.769221
86.162755	0.368049
37.270543	0.252391
70.195658	0.154886
71.545188	0.071845
81.550791	0.141413
0.026500999999999997	6.14576
46.274604	0.259804
0.06117700000000001	4.072673
31.880731	0.150731
0.02446	6.397348
53.861435	0.241799
0.030709	5.695546
11.607068	0.206661
0.039298	5.013567
0.132939	2.71943
0.011895	9.171271
0.011922	9.110967
0.017937	7.503622
0.144437	2.637323
35.901626	0.370526
0.094789	3.149223
39.030149	0.297722
0.15629	2.544913
88.064869	0.162235
0.065501	3.917018
0.060815	4.066254
0.035859	5.296838
0.015735	7.957294
0.019998	7.080896
26.847170999999996	0.280413
38.60956	0.367549
0.065752	3.891383
0.05659	4.118414
15.082322000000001	0.282162
43.738786	0.281594
0.055385	4.245218
39.803397	0.17054
0.019643	7.139164
0.067204	3.8638
0.036554	5.241551
0.05627600000000001	4.225642
6.411912999999999	0.238085
0.01804	7.459018
21.289356	0.344586
0.024296	6.512791
0.01349	8.588317
64.563171	0.168978
0.010024	9.975303
64.180511	0.08802
0.027535	6.030065
0.233681	2.117535
73.522614	0.15988
9.150745	0.211907
15.893583	0.282474
0.05605299999999999	4.192997
8.970636	0.467825
0.07918800000000001	3.444546
10.152154	0.549004
35.550494	0.399701
0.077017	3.602384
0.436309	1.32578
77.676598	0.087408
79.524622	0.239365
0.024032000000000005	6.390978
48.815572	0.138783
0.047241	4.75004
69.026189	0.114217
0.042886	4.953286
67.912838	0.16284
11.205893	0.402583
7.246938	0.369496
41.724949	0.13404
14.994903	0.440475
51.222957	0.190373
0.120439	2.871119
0.012253	9.004706
2.435075	0.542294
48.065747	0.104595
0.010997	9.520422
90.023582	0.123718
0.039746	5.024609
0.152471	2.501168
41.978522	0.165178
0.300773	1.840989
0.058254	4.054756
0.05627600000000001	4.225642
0.037424	5.181763
0.014671000000000002	8.27791
79.270068	0.242596
0.012946999999999998	8.794319
0.043119	4.837436
0.079803	3.601728
8.531183	0.225846
26.880539	0.359033
0.06230900000000001	4.015665
0.079527	3.542588
0.010906000000000002	9.571654
0.085985	3.305519
0.023649	6.434195
49.025543	0.149216
50.91694600000001	0.161281
0.329139	1.725304
0.15186100000000002	2.574899
0.017417	7.524376
53.121293	0.246185
0.023537	6.535012
23.346209	0.177787
0.06704	3.876269
0.017199	7.629716
7.997916000000001	0.544562
0.081819	3.501461
0.022518	6.603652
14.594729000000001	0.477449
0.101653	3.132517
98.863232	0.089299
93.388702	0.095034
36.643612	0.301971
17.032527	0.338824
0.019687	7.129258
43.677763	0.27655
0.085596	3.33552
0.014204	8.394791
0.175442	2.40453
45.966447	0.308783
10.020743	0.262409
0.044348	4.739936
0.184439	2.331414
33.767334	0.187782
51.874531000000005	0.213789
98.809967	0.10207
0.134767	2.731487
46.912909	0.118852
0.034085	5.420726
0.030883	5.618784
49.617639	0.170418
6.5461350000000005	0.688926
5.727299	0.615474
38.187665	0.14206
85.905192	0.155168
0.011687	9.264754
31.65376	0.312538
45.527659	0.31644
79.549274	0.171127
0.017681	7.539482
0.029924	5.778553
0.296857	1.852847
0.014202999999999999	8.394222
5.415408	0.683423
0.034343	5.407529
0.011758	9.173302
25.776332000000004	0.207149
0.044781	4.731522
0.093869	3.118185
48.286435	0.187144
0.048664	4.492103
0.033226	5.405734
0.01787	7.484867
96.360302	0.10878
9.507059	0.574397
12.900393	0.329643
0.014671000000000002	8.27791
44.130991	0.209368
19.247773	0.311386
43.399885	0.340532
1.924532	0.626333
30.703331	0.367017
1.018879	1.237021
87.502211	0.177595
0.037174	5.350519
55.25541200000001	0.192028
0.574433	1.310704
51.32926799999999	0.139861
15.551258	0.324008
0.075403	3.669913
99.087965	0.193623
1.629467	0.575898
0.026237	6.157954
33.928144	0.14923
98.296785	0.119812
0.071061	3.664973
0.189469	2.296299
0.198736	2.226175
0.063504	3.9996
0.20774199999999998	2.024083
31.237664999999996	0.161241
49.109397	0.342296
83.780438	0.089854
0.026404	6.16113
92.659912	0.185981
0.125862	2.755604
95.83688800000002	0.118698
83.944472	0.152158
27.016366	0.114652
83.328743	0.196435
0.022124	6.715878
17.90239	0.135923
14.5171	0.517017
0.398695	1.573438
18.832493	0.45117
18.237145	0.184035
0.01864	7.32522
0.010019	9.992192
0.05031700000000001	4.476456
12.330469	0.220037
1.8337740000000002	0.737672
0.11959	3.002962
17.0584	0.20684
0.016116	7.878005
82.752242	0.131601
2.810521	0.553719
0.058392000000000006	4.152252
14.078627	0.357345
45.543666	0.341688
13.658497	0.154926
0.010044	10.051591
0.076073	3.618266
0.183639	2.362704
0.015725	7.924417
0.198986	2.23192
99.198326	0.064786
82.339801	0.151587
0.015458	8.012266
0.142601	2.648193
0.010435	9.786975
40.706658	0.310462
90.262668	0.198482
45.153571	0.259472
29.112283	0.26535
64.194039	0.211606
0.06002	4.100458
0.048815	4.455448
74.147928	0.241647
0.21255800000000002	2.20132
0.074515	3.625785
0.014969000000000001	8.176306
0.265445	1.717478
56.628814999999996	0.199788
0.324153	1.748656
33.061257	0.116407
0.035474	5.291866
0.011312	9.406199
0.038801	5.088206
0.039648	5.04374
67.912144	0.145016
25.310915	0.17577
72.850168	0.174402
33.563721	0.163687
99.18868	0.1822
0.051404	4.425532
61.28974699999999	0.173354
58.988246	0.253503
0.022124	6.715878
7.454758	0.621059
14.971014000000002	0.307902
69.891143	0.144694
0.011691	9.259194
0.10582999999999998	3.094381
40.415505	0.153958
0.012463	8.960171
26.334497000000002	0.160861
0.257287	1.966538
10.475313	0.320025
0.075099	3.558667
0.013935	8.437859
0.074706	3.831242
16.258494	0.342066
5.356682	0.665306
0.153308	2.531704
0.085748	3.432472
0.092879	3.321642
0.018953	7.265314
0.14665	2.626205
70.494913	0.100406
47.055964	0.127931
89.442246	0.083993
26.681360000000005	0.232236
0.010697	9.66312
27.168049	0.152837
0.45151399999999997	1.492979
0.303564	1.807182
60.728767	0.279901
36.856939	0.125522
18.24299	0.26108
0.162554	2.479491
0.092288	3.296309
5.249174	0.336216
0.034065	5.484184
0.011418	9.36389
25.914553	0.32174
8.383433	0.235985
14.763335	0.335283
15.186337	0.349967
12.033224	0.344156
31.95785	0.37424
65.61242	0.113877
26.302215	0.318508
3.9920460000000006	0.64509
0.075441	3.658138
78.675353	0.148036
14.638153	0.171691
0.011106	9.4452
97.401767	0.176732
0.013879000000000002	8.496238
0.447758	1.486553
0.025144000000000003	6.315668
32.559998	0.362771
0.019998	7.080896
42.019028	0.104435
0.025676000000000004	6.244323
0.083303	3.469928
50.982236	0.116314
74.807929	0.137774
12.36231	0.249083
4.714101	0.697242
0.014221000000000001	8.413151
77.271383	0.188243
53.376428	0.154139
0.010037	9.971805
1.940036	0.409845
0.290967	1.863403
68.987689	0.124867
0.158467	2.528387
0.032566	5.473184
31.562502	0.195166
38.283144	0.338011
0.081619	3.424995
10.35887	0.45498
0.092879	3.321642
0.019833	7.121792
0.012191	9.026767
70.68238	0.166344
0.057919000000000005	4.156862
0.032288	5.495308
0.062771	3.973582
53.09667100000001	0.167512
0.046533	4.583053
4.320706	0.683182
0.012680999999999998	8.865889
9.105351	0.531912
0.044529	4.722446
61.97018800000001	0.189582
0.06468	3.89789
25.348109	0.253547
0.114132	2.967331
12.480309	0.407625
24.406296	0.191587
60.813784000000005	0.215764
0.012169	9.072938
37.112733	0.169069
86.287815	0.130386
0.275039	1.949651
0.133739	2.78905
95.264471	0.151546
19.440627	0.300184
70.494913	0.100406
17.508032	0.223503
41.560764	0.150443
0.019387	7.171671
81.933017	0.16773
0.014348	8.340593
78.976388	0.126225
85.862311	0.080259
0.44974100000000006	1.528065
0.44979900000000006	1.709542
31.711954	0.137955
13.528320000000003	0.476986
9.150745	0.211907
29.037229000000004	0.354286
3.082929	0.447737
45.095396	0.179489
0.022629	6.653323
5.727963	0.362828
63.589832	0.114201
0.20781100000000002	2.135412
0.013849	8.501429
0.021465	6.802754
0.336461	1.74795
80.570393	0.158899
75.842126	0.125826
0.349888	1.690697
0.125862	2.755604
0.106569	3.03309
0.342387	1.576422
0.014648	8.267631
0.127038	2.828856
0.180961	2.37915
36.228919	0.232198
32.068028	0.104915
32.813301	0.120353
0.012763	8.796074
0.038181	5.121826
52.08872100000001	0.106351
0.01411	8.431059
19.901575	0.237522
0.368928	1.558041
0.10350400000000001	3.13048
45.570013	0.321155
0.091863	3.247008
44.786708	0.140328
3.5357230000000004	0.311208
0.147264	2.604185
0.029635	5.81311
0.47085599999999994	1.416609
84.746963	0.116765
94.272517	0.125452
0.010132000000000002	9.946594
22.040223	0.201129
0.171203	2.436021
9.623709	0.268974
0.041654	4.815109
9.335113	0.297303
36.204249	0.199621
48.724884	0.165002
0.099634	3.187829
53.408	0.199797
20.487307	0.159987
0.141554	2.65125
65.368964	0.1176
17.647471	0.396348
62.219861	0.204936
0.062077	4.029289
0.230478	2.077688
0.572258	1.379107
0.010571	9.729189
0.105452	3.01847
37.475995	0.191529
0.01111	9.491414
0.150641	2.563795
40.241676	0.123913
20.708955	0.356694
0.043324	4.820296
0.168594	2.434654
0.019525	7.093688
0.04675	4.637474
1.171584	0.893944
90.029743	0.120929
1.8253370000000002	0.786299
0.018993	7.263308
33.851707	0.164423
73.135785	0.149261
0.011106	9.4452
58.95077800000001	0.076795
18.989861	0.195743
0.031702	5.623237
9.06905	0.248127
0.010044	10.051591
17.344546	0.190011
0.249926	1.997328
40.25486	0.319818
95.785687	0.088353
24.181095	0.217915
30.739896	0.187172
0.016815	7.704781
0.029179999999999998	5.94371
41.274725	0.11008
7.589755000000001	0.588085
24.855589000000002	0.384391
32.911929	0.127187
39.858618	0.430352
0.12230500000000001	2.8157
0.036787	5.220766
21.218562	0.246593
18.779884	0.322604
0.061021000000000006	4.054567
0.011274	9.429647
0.043902	4.71316
0.036634	5.232348
0.023141	6.578383
37.17006	0.372434
0.351142	1.678201
0.04015	4.914692
51.047808	0.159737
24.495324	0.240422
0.011517	9.326239
0.025206000000000003	6.248741
6.804383	0.514656
0.028916	5.87053
0.010686	9.670637
0.039782	5.017317
69.573734	0.212299
0.055956	4.215479
77.84922800000001	0.10217
0.011794	9.21091
20.474097	0.323856
0.010983	9.548357
0.017627	7.537336
0.086861	3.357194
0.050075	4.460401
0.052198	4.390627
84.694415	0.138757
0.020277	7.025544
31.156713000000003	0.171462
0.063797	3.935139
4.637836	0.390958
32.084825	0.143025
0.037438	5.103865
0.09629100000000002	3.082875
20.084566	0.192392
23.585771	0.194574
37.053349	0.266983
39.537899	0.346197
0.054515	4.282908
82.030945	0.270951
0.016861	7.70077
0.16623	2.451647
34.014754	0.397589
7.465057	0.288636
0.027169	6.001885
97.701072	0.137657
8.975659	0.519029
0.24741900000000003	2.012059
0.058869	4.127049
0.011879	9.232048
0.056759	4.210567
94.415989	0.191898
52.010235	0.141707
62.072005	0.120871
0.016233	7.853698
31.227999	0.261927
11.587701	0.493674
0.014571	8.29319
9.564744	0.299637
59.15359800000001	0.106365
0.010019	9.992192
1.070459	0.869561
0.014673	8.262887
74.153947	0.119335
4.315849	0.30678
0.021808	6.781531
0.015919	7.933665
75.309302	0.245367
84.716323	0.16849
0.082539	3.489526
60.061124	0.202597
0.011794	9.21091
73.775096	0.217031
0.021796	6.741284
0.046517	4.635318
9.980076	0.531722
0.19994800000000001	2.157941
10.606213	0.305067
1.455688	0.785579
4.100333	0.487469
0.604443	1.299657
0.352752	1.698993
0.027850999999999997	5.985298
0.125548	2.840887
95.45225	0.135521
29.210845000000003	0.118891
72.359997	0.207837
0.060581	4.027942
66.521126	0.174681
22.37294	0.18286
16.757792	0.400698
0.507155	1.371265
9.958715	0.354539
0.019365	7.190964
0.349376	1.674285
8.680832	0.55478
0.07918800000000001	3.444546
5.702502	0.50563
0.020751	6.935559
0.083138	3.479956
50.658505	0.214779
72.732692	0.318602
0.054515	4.282908
36.728699	0.125978
7.496772	0.256667
14.594856	0.326854
0.143604	2.589878
12.678777	0.500538
0.8703250000000001	1.166663
62.970868	0.099923
25.833479000000004	0.218575
29.497606000000005	0.214878
36.147478	0.216436
4.776678	0.358023
0.056512	4.173268
20.515857	0.22724
0.012132	9.084542
0.088616	3.347399
5.913004	0.471755
0.063994	3.971359
0.016794	7.723779
0.062523	3.955986
13.805268000000002	0.414475
45.257965	0.270656
4.288887	0.341516
0.022622	6.636222
6.653505	0.494478
0.020694	6.963189
0.699724	1.193545
0.640178	1.298167
40.372509	0.231962
89.205202	0.107446
93.331788	0.076777
1.79417	0.644005
0.033489	5.469463
6.327526	0.276981
81.591991	0.110211
0.146964	2.631572
0.24783600000000003	2.03504
0.035445	5.321099
91.621651	0.210111
74.507316	0.207491
0.010975	9.588233
8.388298	0.282879
0.014969000000000001	8.176306
57.271737	0.130172
92.88876	0.108994
0.292286	1.842226
0.299052	1.821976
71.231248	0.118658
0.154686	2.569784
0.016104	7.887346
0.051933	4.394395
0.016948	7.690981
0.065501	3.917018
8.55956	0.402107
11.802411	0.281642
0.013657	8.561831
75.904098	0.14931
79.811259	0.252983
65.926041	0.297604
0.074706	3.831242
56.54973799999999	0.101669
5.618088	0.376716
47.57843	0.233269
0.081077	3.501104
0.243647	2.064363
0.191387	2.243475
11.414595	0.438077
82.44928	0.099123
14.329578000000001	0.208953
0.015883	7.942543
47.025155	0.197093
5.575493	0.741867
3.8702480000000006	0.443569
0.209012	2.17979
23.979154	0.340491
8.822588	0.500264
34.553073	0.180309
62.296185	0.12241
16.677244	0.214808
11.286847	0.387877
0.181734	2.276829
14.808208	0.151912
26.128484	0.292929
49.45258	0.135016
3.73736	0.422074
0.029356	5.847313
49.75454	0.290452
27.462082	0.176403
0.02298	6.541331
84.716323	0.16849
16.767999	0.647616
76.196766	0.108957
0.376093	1.462063
0.219968	2.122344
0.10714400000000002	3.065051
58.140112	0.114505
31.47183	0.313047
0.050138	4.610947
0.014618	8.225451
11.776265	0.421088
0.40285	1.517732
0.033652	5.447048
98.262457	0.163573
26.993727	0.251057
0.260098	1.912686
62.120699	0.178083
47.025155	0.197093
29.385626	0.177158
0.192411	2.204767
0.02234	6.660349
21.308235	0.146157
0.114441	2.952683
0.708197	1.177232
51.9077	0.125093
40.437306	0.180507
32.121221	0.173544
0.01562	7.96581
0.475682	1.420508
0.322861	1.803074
0.01375	8.471311
0.026231000000000004	6.273523
0.334053	1.759404
31.785042	0.233513
0.012623000000000002	8.884501
0.093869	3.118185
66.052836	0.095514
0.55061	1.337638
0.191759	2.298666
0.068221	3.783047
11.689315	0.293785
0.235448	2.049274
0.823518	1.102225
0.01787	7.484867
60.79515	0.139681
54.200759	0.12365
1.872685	0.809354
9.087996	0.420327
7.934561000000001	0.334959
0.133375	2.670558
89.411179	0.165417
0.010389	9.76134
44.545341	0.296671
0.026786000000000004	6.13574
0.122211	2.77431
0.116458	3.149838
42.005796	0.161301
0.139927	2.671873
95.500898	0.159112
0.101883	3.083125
0.026241000000000004	6.105506
72.4732	0.141495
18.637269	0.243071
80.780657	0.133387
0.01341	8.642055
0.010636	9.698378
0.281522	1.782332
35.390114	0.137507
8.267062	0.308402
15.906708	0.195909
0.056130000000000006	4.131019
0.09640900000000001	3.244618
27.512517	0.416281
67.389399	0.107352
8.454081	0.477697
21.042914000000003	0.163714
0.677915	1.149545
54.028358	0.132624
0.047041	4.624899
39.619767	0.181715
0.071082	3.715298
0.573098	1.315682
15.687591000000001	0.155597
87.011058	0.233561
75.052117	0.265204
0.229355	2.104346
74.780704	0.264855
0.805843	1.149597
0.258466	1.981867
18.146236	0.411176
22.782962	0.241196
0.287109	1.878074
25.760394	0.19951
1.120046	0.893487
0.132496	2.770635
0.715462	1.179899
0.010588	9.719841
0.456686	1.404801
8.254878	0.4308
0.155373	2.515601
11.368678	0.422953
0.063262	3.932411
0.015361	8.058612
0.328643	1.735993
0.017494	7.565573
0.011312	9.406199
0.225015	2.092617
31.926978000000002	0.217847
5.558797	0.614097
61.318578	0.137825
19.382722	0.252856
28.805167000000004	0.20878
6.164292	0.600292
0.013556	8.606026
74.104407	0.107095
0.187782	2.318954
0.307842	1.795586
0.129669	2.796491
12.890798	0.301952
0.05752600000000001	4.180626
0.041138	4.868706
0.053013	4.35347
13.163271000000002	0.347722
37.940718	0.155323
0.05228700000000001	4.30836
15.510991000000002	0.489091
8.148303	0.544107
0.295703	1.863567
93.248411	0.139937
0.178503	2.366854
90.92665100000002	0.106398
1.167016	0.848619
16.333408	0.616106
0.011879	9.232048
0.012435000000000002	8.965539
0.314681	1.780511
0.01804	7.459018
2.233398	0.436841
0.375905	1.629066
0.016184	7.807761
12.485123	0.271622
34.13898	0.321123
27.992054	0.302329
0.036363	5.227045
44.203619	0.224127
33.178377	0.414572
0.038084	5.063738
0.143138	2.604791
13.816391	0.450434
4.786239	0.562849
73.38727	0.105665
0.082456	3.406677
0.150687	2.592895
0.018346	7.344079
14.190887	0.171264
16.899018	0.372382
0.194448	2.102245
7.718656	0.635717
3.31235	0.400159
19.511292	0.272717
0.49293999999999993	1.450123
0.611421	1.270728
55.665966	0.114196
0.165573	2.48438
0.137529	2.707376
23.902233	0.275529
1.82092	0.700713
0.035305	5.324409
66.333475	0.278642
55.875254	0.13985
0.051787	4.356322
0.041135	4.868885
5.458466	0.316706
93.294114	0.106093
3.485657	0.510593
35.153851	0.155308
27.408027	0.187331
0.610734	1.288494
0.021011	6.898293
7.538145999999999	0.433151
9.173739	0.372507
0.611862	1.248422
5.305502	0.628601
38.00044	0.225477
92.746596	0.160202
1.272428	0.931475
44.427749	0.182846
57.86980700000001	0.159926
0.382875	1.543463
0.43348800000000004	1.56238
1.324932	0.571586
0.19653700000000002	2.160272
87.613154	0.13218
0.016577	7.811453
0.658955	1.238227
25.381555	0.173111
18.09372	0.373656
0.124911	2.695176
0.033431	5.484713
5.500448	0.472961
27.594354	0.194522
96.536783	0.289269
0.01102	9.532404
1.429787	0.740383
0.11948400000000002	2.911316
17.90239	0.135923
0.8648650000000001	1.055184
38.249745	0.241846
73.585923	0.226375
0.180309	2.345773
96.992399	0.09844
9.744857	0.384381
1.176846	1.259793
8.90212	0.397579
0.045613	4.618413
66.037191	0.136399
5.622877	0.28254
0.012701999999999998	8.907883
88.175279	0.233292
0.7922870000000001	1.135074
0.369086	1.660606
22.587023	0.209736
0.08825	3.41004
7.909775	0.55826
74.875763	0.183511
0.898924	1.043846
0.05047399999999999	4.421406
96.240839	0.107942
0.889007	1.043144
14.604298999999997	0.233862
9.971533	0.342276
1.247249	0.880116
0.180617	2.346842
12.470115	0.459347
67.38241	0.13304
13.630243	0.318083
47.480501	0.168364
1.019836	0.992839
24.969902	0.333479
43.145235	0.174287
1.541148	0.809458
0.064358	3.955442
5.450306	0.387062
0.33143	1.737089
94.213856	0.063887
1.215358	0.904766
98.835956	0.120229
0.953315	1.281448
0.592493	1.276062
0.092486	3.279224
0.10104700000000001	2.989214
0.038284	5.038886
95.03414	0.117328
14.177236	0.396898
0.045057	4.707613
18.628607	0.275052
0.882071	1.077779
5.683203	0.402518
0.040094	4.924368
0.356602	1.512605
11.822824	0.581415
0.310462	1.793049
10.597867	0.308602
43.285864	0.199575
1.471256	0.726284
0.027666000000000003	6.017081
0.024482000000000004	6.357896
1.261147	0.878418
0.140509	2.826978
5.283229	0.740155
14.600011000000002	0.264194
83.262103	0.078807
47.970554	0.180126
9.939887	0.332827
37.34247	0.157523
87.135059	0.146756
0.796142	1.164507
1.7089840000000003	0.798679
0.559052	1.359646
34.5663	0.127772
9.775858	0.319494
0.141064	2.68441
96.536783	0.289269
0.327275	1.765613
27.674942	0.244872
9.731924	0.274636
7.090961	0.534306
55.01454100000001	0.212226
40.005974	0.221709
14.377518	0.251441
14.298354	0.413699
0.031134000000000002	5.629147
39.364064	0.14515
0.014503000000000002	8.303387
0.45064100000000007	1.429775
9.976402	0.638329
53.020232	0.272026
94.639729	0.202677
0.25081	2.0065
82.799436	0.128917
0.090532	3.188647
0.624435	1.209989
5.529227	0.536102
46.1924	0.147028
14.887078	0.371661
9.080952	0.476044
0.012815	8.821384
15.384065	0.244113
96.525707	0.081797
0.212244	2.169629
76.587941	0.219691
64.981496	0.254187
0.137529	2.707376
0.117034	2.982866
0.8694000000000001	1.069484
93.128725	0.082488
0.369033	1.631588
72.380416	0.130523
36.837555	0.202369
0.41932200000000003	1.540052
0.06711	3.799743
8.455948	0.382582
0.39226099999999997	1.827497
0.178662	2.372879
5.122866	0.37656
0.382927	1.649581
21.167779	0.21655
0.011281	9.419759
7.26454	0.577971
1.242164	0.916604
37.052859	0.179494
1.7061200000000003	0.774337
87.880601	0.146187
52.637194	0.166752
0.029577	5.924588
2.655108	0.564946
15.169947	0.300495
0.012606	8.911932
0.260098	1.912686
9.021776	0.41222
9.247282	0.329236
0.19553300000000004	2.253101
1.165731	0.917576
0.154095	2.548827
0.022622	6.636222
0.016279	7.794379
2.269009	0.667803
71.805422	0.203488
0.255114	1.982254
4.661989	0.479698
0.016087	7.889848
0.142538	2.658997
70.317823	0.134853
1.273059	0.761934
0.561354	1.320897
0.20444300000000004	2.190361
0.016794	7.723779
3.365359	0.645625
77.515503	0.189022
56.438085	0.139333
1.8053410000000003	0.609021
0.013624	8.574667
3.456547	0.583309
0.078265	3.581312
42.287238	0.218431
0.847498	1.094725
84.650142	0.118486
0.043603	4.797598
0.713001	1.192907
36.133665	0.230449
27.116145000000003	0.215509
6.075139	0.405002
0.221365	2.172573
11.586048	0.465036
0.36519	1.647498
58.614276	0.14219
65.754212	0.243327
0.542726	1.340506
6.78067	0.422134
0.761503	1.224936
5.358099	0.540698
63.324108	0.179989
3.6868060000000002	0.552099
37.142354	0.219439
1.349939	0.85868
0.856995	1.129701
0.146998	2.412689
77.873188	0.103937
0.452446	1.481542
0.244259	2.057367
77.825743	0.072793
4.81423	0.594479
0.108168	3.061328
0.286777	1.881596
0.531403	1.348053
91.964577	0.120031
24.657447	0.295659
65.989903	0.125151
0.809867	1.116598
0.117254	2.932621
93.388702	0.095034
0.105278	3.029175
75.152574	0.120249
4.174557	0.54431
46.114028	0.227923
9.152647	0.644258
0.871087	1.058387
0.013693	8.548347
10.862034	0.371871
3.146451	0.72314
17.25654	0.246159
15.764575	0.298528
8.279383	0.360724
70.22233	0.161449
64.180511	0.08802
74.271689	0.095519
6.710721	0.322346
0.028785999999999996	5.865028
0.015457	8.044877
3.536984	0.466191
0.203024	2.214669
0.46282400000000007	1.473571
0.163116	2.30688
0.10932300000000002	3.045836
91.534085	0.089744
3.630116	0.528978
0.069215	3.798786
0.801858	1.089497
1.472948	0.824847
64.037059	0.143485
0.018172	7.427659
8.394161	0.313929
1.140919	0.982648
0.384147	1.667878
0.740496	1.249172
7.610246	0.451025
13.009158	0.313377
1.021931	0.948112
79.526917	0.110894
1.7678350000000003	0.751691
1.054701	0.970279
20.515857	0.22724
3.020873	0.662501
0.022649	6.682482
1.567731	0.714111
0.382121	1.460796
0.399858	1.612438
1.459479	0.821253
0.500551	1.398451
44.507061	0.253526
40.205101	0.266742
8.281467	0.349614
1.346602	0.859082
0.473145	1.44566
0.52539	1.390443
1.512278	0.835376
31.765803	0.253875
3.2661599999999997	0.595144
1.109579	0.943517
0.155044	2.513378
16.101793	0.231989
1.8222270000000003	0.773429
0.47459	1.439645
0.091814	3.292915
0.9330669999999999	1.015906
0.024569	6.37552
11.156316	0.376866
0.11649099999999998	2.927937
0.025578999999999998	6.263023
0.43621600000000005	1.505258
0.279187	1.892407
15.969252000000001	0.427561
1.9379520000000001	0.749358
0.110397	3.052909
4.552929	0.293455
6.045685	0.346404
0.202593	2.263037
0.019627	7.118715
11.605061	0.478777
46.298712	0.148814
44.128111	0.156051
56.971465	0.110264
76.557382	0.225508
93.129383	0.137075
8.07963	0.363915
1.710357	0.797548
3.118888	0.510124
6.097714	0.494249
4.965308	0.412441
0.378936	1.604394
68.405432	0.111652
0.127408	2.806824
7.6188270000000005	0.451955
0.017219	7.678475
7.711865999999999	0.440648
31.822577000000003	0.397815
3.6182090000000002	0.61766
0.07118	3.753893
14.938192	0.264144
0.391807	1.596379
88.097865	0.173363
0.700422	1.113099
13.387738000000002	0.36896
6.53318	0.462043
0.090442	3.334743
7.916792	0.503717
0.04925600000000001	4.519364
0.896512	1.033215
3.531569	0.694666
0.11087799999999999	3.020279
0.192589	2.279876
0.572138	1.368343
0.672858	1.22566
0.015457	8.044877
20.594042	0.312888
88.636585	0.13193
0.990182	0.998316
79.263614	0.114432
2.151257	0.680633
2.281052	0.632496
68.058787	0.128773
48.182311	0.15096
0.860039	1.010379
19.701156	0.416012
0.162116	2.394075
1.077543	0.958121
2.188884	0.681256
29.593029000000005	0.122302
0.126167	2.856208
3.18829	0.616415
37.966775	0.189784
1.957586	0.76364
0.05228700000000001	4.30836
6.772643	0.386999
1.424329	0.841337
66.750841	0.163558
5.568447	0.518053
33.515116	0.175964
0.277399	1.89191
3.540588	0.579611
5.526549	0.456583
71.974888	0.138191
0.173054	2.393391
44.179435	0.154311
57.938915	0.148802
0.120708	2.862077
0.378706	1.591938
3.187981	0.46828
6.722402	0.34758
86.921265	0.115397
51.695419	0.315896
2.254556	0.608181
1.169634	0.934564
0.672262	1.206523
5.7362	0.424511
3.201772	0.635204
0.19640600000000003	2.26517
1.989792	0.713275
6.431501000000001	0.481824
2.437586	0.694302
1.075785	0.963295
54.07663900000001	0.157354
0.171909	2.416798
26.736596000000002	0.13455
1.310472	0.906349
0.06638	3.90149
9.359358	0.516385
61.554003	0.151009
5.283666	0.523171
4.993109	0.45484
0.087362	3.370543
3.464818	0.498136
5.851203	0.442478
0.11529399999999998	2.913058
3.73001	0.566006
0.9725920000000001	1.030408
41.532646	0.257839
2.604207	0.654217
3.798658	0.431752
0.024976	6.263667
3.539473	0.528228
80.931501	0.122105