0.200280 0.797795 
0.273107 0.775826 
0.337819 0.752418 
0.184876 0.859950 
0.293365 0.811687 
0.283965 0.776619 
0.157165 0.859657 
0.224505 0.788601 
0.207656 0.785785 
0.183699 0.827523 
0.282334 0.748596 
0.205787 0.792513 
0.192176 0.796656 
0.165474 0.866667 
0.234950 0.787483 
0.227402 0.779753 
0.199547 0.826479 
0.269144 0.801774 
0.289104 0.787760 
0.225227 0.769604 
0.326183 0.751462 
0.325237 0.747801 
0.383916 0.767699 
0.390719 0.753458 
0.147585 0.887820 
0.263866 0.747992 
0.326323 0.739187 
0.227994 0.766320 
0.216606 0.805873 
0.232767 0.772327 
0.213560 0.780522 
0.339295 0.737209 
0.182666 0.815004 
0.262249 0.740239 
0.167881 0.836081 
0.346212 0.752298 
0.232213 0.770437 
0.499043 0.784023 
0.287262 0.811062 
0.335550 0.735044 
0.344110 0.736610 
0.238873 0.753469 
0.296599 0.748437 
0.249604 0.776482 
0.256612 0.753228 
0.215951 0.772976 
0.245466 0.782097 
0.225446 0.778696 
0.248738 0.745418 
0.239632 0.758714 
0.256105 0.753085 
0.165556 0.849779 
0.235625 0.759668 
0.248622 0.787638 
0.229353 0.783582 
0.213981 0.800495 
0.170544 0.842517 
0.231503 0.781081 
0.380466 0.741915 
0.260513 0.762260 
0.231175 0.817359 
0.246108 0.797988 
0.329638 0.816358 
0.259390 0.744038 
0.248229 0.759047 
0.252812 0.798703 
0.306256 0.734563 
0.337230 0.753143 
0.378001 0.739832 
0.328942 0.732343 
0.255770 0.785878 
0.181367 0.867270 
0.213462 0.768430 
0.287348 0.737853 
0.198986 0.805154 
0.368978 0.786835 
0.412597 0.748059 
0.292794 0.803240 
0.341014 0.755789 
0.271102 0.738223 
0.241624 0.752154 
0.192227 0.798333 
0.230729 0.771521 
0.186457 0.803910 
0.315303 0.809541 
0.303435 0.747731 
0.399142 0.745115 
0.202293 0.777786 
0.236806 0.759924 
0.190077 0.826688 
0.169766 0.848239 
0.212615 0.772228 
0.319686 0.733739 
0.448009 0.758074 
0.252868 0.791383 
0.333927 0.753818 
0.280577 0.736992 
0.306580 0.746986 
0.367196 0.742658 
0.357749 0.740838 
0.148879 0.875504 
0.181217 0.856729 
0.352958 0.736684 
0.230736 0.758143 
0.302320 0.739403 
0.245675 0.757593 
0.166301 0.859731 
0.305519 0.735134 
0.255955 0.767038 
0.220310 0.785326 
0.363612 0.743979 
0.364480 0.737316 
0.239424 0.804675 
0.308124 0.808169 
0.289758 0.741002 
0.329086 0.742200 
0.442367 0.758084 
0.212545 0.773076 
0.254258 0.744387 
0.248836 0.757628 
0.233097 0.763016 
0.256397 0.751381 
0.155275 0.860730 
0.474450 0.768441 
0.370985 0.739633 
0.185721 0.844811 
0.205614 0.804985 
0.179731 0.829114 
0.188232 0.802191 
0.220857 0.765464 
0.369782 0.744305 
0.199424 0.797376 
0.286316 0.787483 
0.203986 0.798928 
0.324589 0.738366 
0.218617 0.778147 
0.280542 0.797697 
0.189319 0.831529 
0.176857 0.818982 
0.142257 0.863033 
0.248751 0.767944 
0.266442 0.759079 
0.217572 0.764091 
0.265797 0.768747 
0.308281 0.761270 
0.170751 0.823100 
0.358934 0.749959 
0.166396 0.883718 
0.401196 0.744247 
0.224008 0.783704 
0.178198 0.853833 
0.214587 0.772566 
0.236440 0.810609 
0.266184 0.750804 
0.225262 0.767023 
0.323716 0.734724 
0.201306 0.816294 
0.418464 0.770767 
0.193687 0.830763 
0.365003 0.740130 
0.215139 0.768716 
0.307060 0.740518 
0.233882 0.753575 
0.341607 0.738779 
0.283432 0.743708 
0.216299 0.816117 
0.155256 0.866653 
0.312765 0.733960 
0.203090 0.796362 
0.238370 0.769907 
0.218797 0.770145 
0.306127 0.741230 
0.359436 0.737619 
0.191099 0.808719 
0.389904 0.744155 
0.279594 0.813651 
0.293741 0.741488 
0.239178 0.745618 
0.243959 0.776694 
0.158086 0.837936 
0.446680 0.758913 
0.160320 0.873750 
0.313531 0.732571 
0.219271 0.812265 
0.215328 0.774787 
0.245914 0.776714 
0.202984 0.793914 
0.301744 0.739960 
0.289792 0.735595 
0.308737 0.733772 
0.260371 0.813767 
0.272859 0.738848 
0.328197 0.769789 
0.285801 0.735552 
0.196507 0.818143 
0.208554 0.797927 
0.318099 0.744510 
0.146684 0.871836 
0.268985 0.739328 
0.201411 0.829329 
0.203124 0.854348 
0.368921 0.736343 
0.197297 0.799464 
0.268340 0.806717 
0.222301 0.773106 
0.361206 0.770117 
0.278090 0.741131 
0.185073 0.819652 
0.283500 0.775065 
0.191804 0.863082 
0.279675 0.736249 
0.157729 0.859433 
0.354267 0.759467 
0.400778 0.748157 
0.312155 0.734507 
0.150062 0.882196 
0.177654 0.808395 
0.307938 0.734523 
0.188324 0.823842 
0.218318 0.803369 
0.173827 0.823683 
0.267460 0.761109 
0.253770 0.795616 
0.222179 0.778707 
0.311515 0.736330 
0.258057 0.743988 
0.326572 0.815102 
0.272368 0.755965 
0.158792 0.883500 
0.305601 0.733433 
0.252588 0.762132 
0.336401 0.734662 
0.245562 0.747147 
0.245358 0.828198 
0.213809 0.831965 
0.303698 0.734211 
0.134697 0.881072 
0.169702 0.835704 
0.168046 0.859628 
0.282643 0.738349 
0.480315 0.783610 
0.196439 0.786667 
0.406992 0.747227 
0.185199 0.799832 
0.340354 0.735703 
0.273463 0.785142 
0.185612 0.805482 
0.412300 0.750353 
0.314725 0.734445 
0.361568 0.739400 
0.374916 0.748450 
0.241197 0.814598 
0.240008 0.781202 
0.367004 0.745430 
0.360183 0.771882 
0.290084 0.774304 
0.286559 0.741774 
0.208302 0.794121 
0.250391 0.744325 
0.361893 0.738977 
0.175670 0.850278 
0.210339 0.783100 
0.385657 0.746997 
0.267428 0.786430 
0.326711 0.734148 
0.298304 0.742278 
0.254525 0.793738 
0.294064 0.737095 
0.213816 0.833867 
0.147475 0.891666 
0.188715 0.828471 
0.276266 0.737771 
0.351105 0.739732 
0.247552 0.776692 
0.437213 0.759767 
0.282334 0.745492 
0.197617 0.778638 
0.210171 0.775309 
0.296896 0.738353 
0.293593 0.736912 
0.182251 0.801772 
0.241923 0.749781 
0.185759 0.792204 
0.231360 0.797468 
0.195282 0.805817 
0.187360 0.803549 
0.210497 0.783099 
0.272689 0.797387 
0.416196 0.749773 
0.252803 0.798242 
0.208008 0.779224 
0.226304 0.802280 
0.204301 0.811976 
0.365638 0.737760 
0.249903 0.768472 
0.308923 0.739061 
0.196897 0.825654 
0.258957 0.785069 
0.274646 0.783699 
0.231590 0.787707 
0.260073 0.760348 
0.275441 0.806848 
0.187315 0.792955 
0.369386 0.813545 
0.183749 0.803649 
0.194280 0.800733 
0.320580 0.802639 
0.373192 0.748100 
0.220898 0.788959 
0.253884 0.791061 
0.383028 0.755029 
0.211600 0.782668 
0.242451 0.757968 
0.326272 0.755684 
0.228286 0.760963 
0.235343 0.774042 
0.314807 0.734549 
0.334262 0.734449 
0.196233 0.823394 
0.269518 0.747103 
0.190726 0.826504 
0.282445 0.745093 
0.311947 0.737269 
0.356127 0.747883 
0.168766 0.841288 
0.421104 0.762524 
0.200921 0.806325 
0.391293 0.745501 
0.315653 0.734248 
0.267957 0.750188 
0.379883 0.740681 
0.396089 0.744031 
0.206861 0.814181 
0.186642 0.858927 
0.379878 0.745394 
0.318183 0.783823 
0.332487 0.737502 
0.278662 0.742776 
0.326817 0.733475 
0.273661 0.750211 
0.198874 0.796618 
0.228562 0.781836 
0.224912 0.778274 
0.321049 0.741240 
0.257081 0.748846 
0.256989 0.767634 
0.184931 0.815617 
0.291678 0.755380 
0.210522 0.770399 
0.195569 0.804435 
0.185752 0.819460 
0.328408 0.734265 
0.202965 0.804746 
0.330766 0.758457 
0.169321 0.816245 
0.264514 0.746024 
0.193493 0.825756 
0.189238 0.806971 
0.496168 0.788706 
0.199219 0.783280 
0.281414 0.741989 
0.258303 0.746792 
0.187615 0.789625 
0.164398 0.853590 
0.215459 0.777031 
0.189757 0.801428 
0.213998 0.788796 
0.252998 0.743859 
0.320303 0.741766 
0.255530 0.753942 
0.192314 0.806589 
0.406456 0.748474 
0.212585 0.817255 
0.391438 0.743971 
0.415891 0.749859 
0.256300 0.744822 
0.176133 0.844422 
0.195378 0.843609 
0.188367 0.838211 
0.206548 0.812932 
0.200162 0.798759 
0.209231 0.774437 
0.302269 0.745423 
0.267823 0.779296 
0.294969 0.785721 
0.216976 0.781565 
0.162136 0.850932 
0.255365 0.799273 
0.217748 0.821974 
0.168858 0.839739 
0.222749 0.779434 
0.182797 0.839012 
0.416660 0.754366 
0.257699 0.784392 
0.227933 0.763637 
0.291211 0.743675 
0.226129 0.817284 
0.259739 0.746894 
0.225307 0.800313 
0.418901 0.750066 
0.196560 0.794695 
0.266498 0.752995 
0.360163 0.796137 
0.220113 0.774649 
0.182190 0.830978 
0.266176 0.760440 
0.415680 0.752674 
0.193283 0.802196 
0.198083 0.800266 
0.326489 0.737982 
0.231618 0.757832 
0.214503 0.828293 
0.202542 0.793781 
0.313487 0.734699 
0.225493 0.805886 
0.184428 0.812064 
0.158488 0.843370 
0.202048 0.774776 
0.230709 0.776456 
0.206730 0.774706 
0.247177 0.760705 
0.248597 0.767177 
0.483103 0.770960 
0.386790 0.741374 
0.278986 0.746856 
0.366438 0.768742 
0.173000 0.829026 
0.335097 0.744500 
0.277875 0.800755 
0.275399 0.768276 
0.205824 0.785971 
0.219670 0.799577 
0.281768 0.792108 
0.367057 0.738036 
0.220048 0.769838 
0.216163 0.819177 
0.175386 0.832080 
0.216878 0.816393 
0.239751 0.748475 
0.190742 0.834286 
0.202886 0.773498 
0.181470 0.831183 
0.238505 0.754289 
0.217424 0.780154 
0.237654 0.796971 
0.556967 0.813895 
0.337287 0.746076 
0.296676 0.734252 
0.302395 0.739710 
0.314785 0.733297 
0.330217 0.742143 
0.241588 0.762999 
0.243115 0.782987 
0.238719 0.773486 
0.234228 0.804364 
0.261035 0.797232 
0.167402 0.835389 
0.306417 0.783519 
0.323009 0.757086 
0.285633 0.757576 
0.255968 0.747822 
0.357456 0.737850 
0.272333 0.748989 
0.309473 0.790386 
0.254647 0.745602 
0.185194 0.796179 
0.353111 0.744064 
0.223265 0.759649 
0.255805 0.793464 
0.270822 0.747479 
0.254770 0.753361 
0.240950 0.792650 
0.276849 0.789946 
0.332401 0.735674 
0.295322 0.746407 
0.174127 0.843005 
0.279148 0.739025 
0.271554 0.786326 
0.238800 0.752759 
0.217734 0.774609 
0.275396 0.740626 
0.240270 0.752358 
0.249470 0.825135 
0.477371 0.769839 
0.307789 0.748547 
0.247921 0.759427 
0.184618 0.819765 
0.162351 0.834096 
0.183984 0.811044 
0.380720 0.742883 
0.284229 0.749408 
0.150106 0.878232 
0.331804 0.737104 
0.240990 0.792127 
0.232850 0.758304 
0.267701 0.744274 
0.237637 0.788059 
0.160886 0.854119 
0.151727 0.887225 
0.327638 0.778860 
0.265682 0.737859 
0.300903 0.740715 
0.298388 0.735913 
0.324180 0.743513 
0.246057 0.750764 
0.486670 0.771859 
0.161136 0.855874 
0.229145 0.758173 
0.201071 0.794880 
0.359594 0.758760 
0.164430 0.875619 
0.170505 0.836891 
0.245230 0.773420 
0.440639 0.756047 
0.180459 0.816409 
0.217948 0.765530 
0.204537 0.799821 
0.142692 0.878333 
0.373915 0.760022 
0.313187 0.736746 
0.255272 0.744027 
0.147588 0.892033 
0.185165 0.833969 
0.488184 0.771779 
0.228361 0.780283 
0.166058 0.874242 
0.253270 0.758127 
0.350480 0.736901 
0.280115 0.737719 
0.247673 0.758163 
0.578448 0.804361 
0.469617 0.768316 
0.409803 0.746614 
0.329452 0.742074 
0.338061 0.737985 
0.162224 0.858237 
0.491573 0.778162 
0.275889 0.752596 
0.191669 0.796856 
0.183161 0.843781 
0.240000 0.804163 
0.385480 0.740874 
0.245138 0.775377 
0.182174 0.837502 
0.320422 0.733342 
0.404451 0.745394 
0.258961 0.757158 
0.247354 0.809170 
0.194816 0.828535 
0.388288 0.744771 
0.394661 0.780749 
0.324102 0.808673 
0.176850 0.838121 
0.196245 0.840465 
0.263624 0.746304 
0.250572 0.793002 
0.185690 0.841498 
0.178592 0.835412 
0.308790 0.743579 
0.212042 0.787711 
0.199110 0.801298 
0.206605 0.824454 
0.353911 0.737717 
0.491376 0.783667 
0.205466 0.781351 
0.164859 0.853430 
0.264945 0.792967 
0.185280 0.821627 
0.376263 0.769453 
0.321855 0.734482 
0.375551 0.742190 
0.182138 0.816819 
0.264077 0.745020 
0.232921 0.805698 
0.215854 0.770146 
0.255225 0.790524 
0.396325 0.749557 
0.300945 0.781744 
0.338014 0.743557 
0.204986 0.783922 
0.188740 0.856834 
0.188694 0.832224 
0.336988 0.736662 
0.211957 0.774453 
0.284583 0.736754 
0.343252 0.793335 
0.271298 0.745481 
0.350620 0.744070 
0.220773 0.782679 
0.278381 0.755692 
0.294593 0.741777 
0.311917 0.801127 
0.269619 0.746100 
0.212453 0.830978 
0.306911 0.762904 
0.238728 0.769830 
0.543973 0.804828 
0.371062 0.743899 
0.353567 0.780686 
0.311836 0.737055 
0.231350 0.757702 
0.240898 0.795387 
0.377374 0.739168 
0.438987 0.757221 
0.460146 0.763172 
0.223383 0.772490 
0.399913 0.746931 
0.237768 0.782609 
0.217016 0.768915 
0.195053 0.794694 
0.225201 0.761470 
0.287576 0.784617 
0.278640 0.739089 
0.191161 0.803512 
0.169160 0.846193 
0.230511 0.797919 
0.264182 0.750079 
0.376493 0.739152 
0.235293 0.803222 
0.163281 0.842030 
0.224523 0.822400 
0.244076 0.756331 
0.527249 0.792835 
0.339109 0.740917 
0.319227 0.744465 
0.181747 0.826851 
0.275097 0.750401 
0.285835 0.736015 
0.287266 0.767202 
0.290633 0.741828 
0.250541 0.758528 
0.354567 0.742067 
0.245482 0.798581 
0.278555 0.785957 
0.218149 0.775225 
0.176244 0.825755 
0.290289 0.776071 
0.154811 0.862840 
0.267969 0.759439 
0.269389 0.755803 
0.270609 0.738431 
0.454360 0.757365 
0.171504 0.844826 
0.175079 0.847801 
0.377645 0.743696 
0.341225 0.767396 
0.302581 0.757926 
0.188646 0.848111 
0.164605 0.860897 
0.184297 0.853252 
0.220863 0.771628 
0.240710 0.771520 
0.168033 0.849937 
0.265113 0.792619 
0.264195 0.779310 
0.219187 0.772872 
0.202401 0.791270 
0.353069 0.767755 
0.177960 0.822898 
0.289520 0.788200 
0.282186 0.735790 
0.302720 0.733767 
0.300793 0.745833 
0.230995 0.757920 
0.193216 0.791903 
0.319692 0.735232 
0.304015 0.809262 
0.354841 0.738421 
0.200968 0.792945 
0.171938 0.840447 
0.204757 0.810450 
0.416240 0.750899 
0.229298 0.755425 
0.170542 0.825691 
0.164292 0.850142 
0.447877 0.760903 
0.414656 0.775405 
0.217087 0.767189 
0.212768 0.774591 
0.291285 0.736565 
0.294685 0.796055 
0.193196 0.837639 
0.201414 0.790305 
0.182655 0.842741 
0.191760 0.841834 
0.147078 0.871200 
0.284725 0.774774 
0.506834 0.782991 
0.224024 0.761179 
0.234003 0.811369 
0.164683 0.878078 
0.388654 0.745312 
0.483960 0.771071 
0.406010 0.747075 
0.148036 0.834611 
0.275944 0.808763 
0.306143 0.734542 
0.226065 0.754281 
0.329438 0.732060 
0.324942 0.768458 
0.262604 0.761355 
0.235389 0.798245 
0.299603 0.768679 
0.267461 0.755206 
0.159841 0.849362 
0.318611 0.806573 
0.312100 0.802496 
0.207853 0.778283 
0.262843 0.740526 
0.224420 0.762956 
0.302075 0.751928 
0.256917 0.793505 
0.223942 0.793151 
0.208062 0.768063 
0.307973 0.733012 
0.224590 0.813767 
0.403645 0.747046 
0.233763 0.790076 
0.294320 0.743894 
0.257539 0.757511 
0.234235 0.814552 
0.314147 0.733135 
0.277664 0.739928 
0.490190 0.775159 
0.214886 0.761303 
0.263703 0.745571 
0.193295 0.802226 
0.233568 0.793766 
0.212504 0.830280 
0.198931 0.802127 
0.184406 0.819178 
0.324227 0.750125 
0.393174 0.746711 
0.240466 0.784348 
0.252455 0.747580 
0.232165 0.798119 
0.187697 0.815122 
0.316021 0.734592 
0.177024 0.849112 
0.365434 0.737729 
0.257482 0.761466 
0.234660 0.764240 
0.267078 0.742878 
0.478987 0.772987 
0.340535 0.789425 
0.238871 0.781444 
0.351524 0.786544 
0.224122 0.785657 
0.310143 0.750196 
0.232097 0.778069 
0.278089 0.757418 
0.241759 0.756909 
0.189100 0.799515 
0.478309 0.768610 
0.440661 0.773213 
0.306568 0.735449 
0.155455 0.863126 
0.391402 0.742922 
0.316291 0.743280 
0.343928 0.742361 
0.147315 0.895047 
0.153171 0.878010 
0.301946 0.749150 
0.451294 0.761008 
0.260672 0.743020 
0.177845 0.838026 
0.290340 0.780603 
0.350930 0.737155 
0.206526 0.789353 
0.270584 0.776481 
0.259486 0.745180 
0.192383 0.787764 
0.194658 0.801073 
0.329980 0.738043 
0.247776 0.794453 
0.379719 0.742983 
0.408765 0.753312 
0.470607 0.767367 
0.202341 0.838022 
0.211005 0.784892 
0.271807 0.751239 
0.314327 0.743787 
0.291235 0.800998 
0.321968 0.749015 
0.302449 0.734488 
0.166135 0.880613 
0.328103 0.734848 
0.252921 0.747179 
0.165994 0.835266 
0.147121 0.881465 
0.312559 0.742296 
0.429832 0.750207 
0.185791 0.811293 
0.193757 0.817448 
0.169979 0.840573 
0.269484 0.738448 
0.214562 0.790713 
0.358538 0.737097 
0.208703 0.820062 
0.215185 0.772758 
0.419372 0.749430 
0.219076 0.816410 
0.235179 0.763992 
0.202488 0.774151 
0.165459 0.835913 
0.164150 0.855542 
0.303904 0.741147 
0.235467 0.753480 
0.220025 0.762435 
0.400251 0.755443 
0.246081 0.760775 
0.369528 0.762770 
0.181375 0.860902 
0.235410 0.779001 
0.249728 0.749046 
0.257042 0.763052 
0.182492 0.816768 
0.174692 0.835145 
0.291046 0.744099 
0.523626 0.789711 
0.193705 0.843050 
0.363460 0.748455 
0.210593 0.802298 
0.322163 0.768614 
0.449946 0.759001 
0.168184 0.838921 
0.148805 0.862573 
0.224893 0.765171 
0.325344 0.737023 
0.242394 0.749139 
0.197008 0.802449 
0.500437 0.770850 
0.384408 0.740879 
0.284065 0.746087 
0.375097 0.768363 
0.247729 0.753941 
0.396381 0.744916 
0.334115 0.738271 
0.287729 0.768295 
0.237404 0.771960 
0.283621 0.794242 
0.190796 0.817261 
0.318314 0.792940 
0.171781 0.827403 
0.452388 0.762181 
0.189436 0.835352 
0.187837 0.799523 
0.160103 0.866559 
0.280248 0.749533 
0.490304 0.774385 
0.169796 0.818351 
0.271566 0.740275 
0.279189 0.785480 
0.281739 0.739392 
0.303422 0.734899 
0.385567 0.749782 
0.233864 0.753538 
0.234393 0.807043 
0.273683 0.740961 
0.300574 0.792609 
0.392105 0.785264 
0.323606 0.741422 
0.277233 0.764905 
0.262574 0.742812 
0.407768 0.746644 
0.392658 0.749169 
0.329192 0.748464 
0.499665 0.775791 
0.234444 0.811540 
0.198760 0.794600 
0.304462 0.741860 
0.242580 0.778064 
0.243862 0.789950 
0.298017 0.734044 
0.346957 0.739336 
0.428599 0.753870 
0.170197 0.873803 
0.261667 0.742983 
0.223396 0.780989 
0.290738 0.748589 
0.213283 0.793590 
0.273073 0.739654 
0.194337 0.793805 
0.309592 0.734904 
0.542043 0.787869 
0.316224 0.733046 
0.521587 0.799666 
0.180562 0.860865 
0.292181 0.755525 
0.153423 0.875904 
0.189959 0.795226 
0.186702 0.816895 
0.240094 0.755961 
0.207650 0.791127 
0.256450 0.772264 
0.185501 0.835740 
0.172658 0.858757 
0.480406 0.779590 
0.310738 0.734752 
0.368274 0.757594 
0.458103 0.761549 
0.488041 0.774091 
0.161855 0.873311 
0.399564 0.746112 
0.307080 0.735573 
0.188973 0.832081 
0.273572 0.750342 
0.233887 0.751203 
0.183934 0.816423 
0.196903 0.832892 
0.301487 0.735690 
0.280387 0.782221 
0.339488 0.741836 
0.335512 0.760526 
0.301405 0.733795 
0.420404 0.756290 
0.174895 0.862179 
0.177490 0.828818 
0.307359 0.760588 
0.432479 0.759763 
0.236722 0.764898 
0.340399 0.745838 
0.395932 0.747982 
0.162714 0.854211 
0.403342 0.744152 
0.244333 0.811712 
0.194344 0.823276 
0.283236 0.761913 
0.299662 0.741647 
0.470338 0.777722 
0.191453 0.798969 
0.183860 0.807953 
0.241398 0.751787 
0.200274 0.814470 
0.236268 0.770595 
0.251000 0.749493 
0.316953 0.733636 
0.245697 0.790639 
0.255591 0.755777 
0.189477 0.794219 
0.164319 0.833264 
0.285523 0.747840 
0.308596 0.739733 
0.345998 0.735516 
0.153018 0.880400 
0.205817 0.796580 
0.169653 0.845584 
0.252430 0.758773 
0.270724 0.740723 
0.382078 0.740828 
0.218445 0.815262 
0.192542 0.794637 
0.388441 0.742088 
0.463058 0.766435 
0.198943 0.792057 
0.170596 0.841492 
0.321246 0.739693 
0.181697 0.814950 
0.230404 0.756957 
0.170731 0.854795 
0.378463 0.751526 
0.420763 0.774034 
0.198846 0.808207 
0.352477 0.742138 
0.469195 0.765368 
0.348487 0.740553 
0.154884 0.886755 
0.188007 0.787482 
0.262684 0.797923 
0.368602 0.741189 
0.266452 0.757833 
0.244920 0.807646 
0.330773 0.741955 
0.290680 0.734978 
0.231269 0.795675 
0.241085 0.750181 
0.221560 0.777023 
0.175967 0.846448 
0.288978 0.734782 
0.192840 0.836964 
0.208606 0.772401 
0.244174 0.750299 
0.158428 0.873717 
0.205709 0.797870 
0.293786 0.744353 
0.374154 0.741981 
0.172185 0.840257 
0.194964 0.796184 
0.241706 0.757936 
0.200727 0.809753 
0.318937 0.765019 
0.239412 0.818405 
0.240894 0.761614 
0.271834 0.774977 
0.229822 0.768930 
0.294741 0.786620 
0.205058 0.840777 
0.169136 0.848115 
0.297472 0.794932 
0.324602 0.810050 
0.277843 0.759667 
0.235635 0.787032 
0.523707 0.774923 
0.197949 0.850394 
0.252480 0.774293 
0.247626 0.750596 
0.140757 0.889817 
0.340929 0.735557 
0.254214 0.769455 
0.335947 0.774939 
0.249444 0.746615 
0.416441 0.751831 
0.343610 0.765414 
0.226402 0.758779 
0.404026 0.765900 
0.297665 0.737301 
0.212104 0.796722 
0.167213 0.841535 
0.398158 0.771919 
0.287913 0.748595 
0.266059 0.742240 
0.316135 0.793380 
0.158154 0.858536 
0.210239 0.777088 
0.188420 0.838055 
0.257420 0.780060 
0.177724 0.846167 
0.212908 0.818992 
0.286405 0.745388 
0.251097 0.794602 
0.213289 0.798270 
0.211188 0.827024 
0.252613 0.751238 
0.172393 0.830520 
0.330011 0.734987 
0.340852 0.743438 
0.269683 0.810229 
0.292454 0.755106 
0.161661 0.859822 
0.259233 0.754876 
0.402445 0.745798 
0.279677 0.781638 
0.321097 0.734676 
0.223332 0.787298 
0.189770 0.797363 
0.155022 0.873424 
0.439255 0.756371 
0.207516 0.786831 
0.312476 0.768259 
0.339624 0.799418 
0.201976 0.824982 
0.178281 0.814667 
0.252782 0.760562 
0.168862 0.848955 
0.180686 0.825297 
0.369547 0.738562 
0.194927 0.783027 
0.135656 0.892447 
0.206062 0.782194 
0.161122 0.867149 
0.508232 0.784960 
0.503613 0.770303 
0.215886 0.786051 
0.306355 0.741023 
0.175149 0.843331 
0.364360 0.739840 
0.171606 0.859594 
0.193402 0.842158 
0.230266 0.758045 
0.190401 0.840007 
0.416783 0.753117 
0.205343 0.789536 
0.256630 0.746210 
0.229545 0.770401 
0.325387 0.747430 
0.383498 0.748513 
0.224744 0.766798 
0.341554 0.740278 
0.305797 0.775521 
0.410263 0.747925 
0.201397 0.834168 
0.281065 0.778657 
0.176895 0.834208 
0.160910 0.833502 
0.186405 0.823273 
0.210147 0.813454 
0.243280 0.761506 
0.201556 0.786238 
0.200399 0.806969 
0.277224 0.758638 
0.197287 0.826285 
0.326467 0.739853 
0.203316 0.792575 
0.382847 0.740017 
0.299605 0.747054 
0.506188 0.779892 
0.149668 0.852451 
0.246745 0.753422 
0.195298 0.811376 
0.264924 0.771132 
0.233119 0.762822 
0.388485 0.741894 
0.252673 0.797624 
0.220104 0.787182 
0.258392 0.768327 
0.231317 0.770520 
0.309014 0.739228 
0.248139 0.746274 
0.223289 0.817093 
0.380640 0.747881 
0.206226 0.784749 
0.194867 0.799345 
0.193671 0.813892 
0.301091 0.734536 
0.171466 0.853470 
0.421883 0.751792 
0.463558 0.775087 
0.219559 0.802003 
0.251635 0.802280 
0.247166 0.754375 
0.231946 0.764512 
0.166250 0.835715 
0.308376 0.739364 
0.161511 0.883613 
0.205041 0.842170 
0.208247 0.785488 
0.370367 0.743543 
0.229212 0.770800 
0.267950 0.782912 
0.394737 0.745110 
0.254819 0.768352 
0.223072 0.784535 
0.191412 0.808256 
0.238870 0.770822 
0.324500 0.738369 
0.294667 0.769737 
0.463320 0.762582 
0.236329 0.815988 
0.183908 0.828204 
0.163635 0.824462 
0.160710 0.869122 
0.291707 0.736556 
0.400348 0.745196 
0.300280 0.753512 
0.286977 0.736857 
0.258878 0.744928 
0.277871 0.736998 
0.441982 0.753413 
0.306347 0.803486 
0.260933 0.752174 
0.372956 0.741229 
0.444591 0.759138 
0.150293 0.865447 
0.402346 0.746500 
0.244253 0.780173 
0.204874 0.811494 
0.195509 0.789243 
0.168623 0.857005 
0.265062 0.744337 
0.139849 0.886534 
0.204509 0.782419 
0.318401 0.734773 
0.235096 0.780599 
0.198101 0.782794 
0.179344 0.821461 
0.213736 0.771192 
0.153701 0.865908 
0.243628 0.772907 
0.473337 0.763768 
0.181666 0.853513 
0.259512 0.756890 
0.253250 0.776097 
0.407202 0.750529 
0.224285 0.796103 
0.248398 0.757394 
0.244021 0.787110 
0.502528 0.780708 
0.275555 0.774340 
0.471154 0.768872 
0.198250 0.789474 
0.198014 0.786939 
0.224344 0.802591 
0.487064 0.765004 
0.332351 0.752774 
0.345417 0.735121 
0.216270 0.817332 
0.514375 0.789321 
0.244291 0.751545 
0.207578 0.806616 
0.365739 0.747115 
0.329679 0.737879 
0.211062 0.812311 
0.297997 0.742876 
0.275527 0.796073 
0.314228 0.783110 
0.161099 0.873877 
0.218773 0.773775 
0.223975 0.776741 
0.263509 0.739632 
0.205103 0.781974 
0.276400 0.750510 
0.435431 0.755222 
0.198177 0.808803 
0.339227 0.738004 
0.202335 0.787025 
0.323390 0.776033 
0.454020 0.758848 
0.418021 0.757497 
0.308755 0.737173 
0.422084 0.747423 
0.215965 0.761941 
0.228102 0.766058 
0.231854 0.783299 
0.306272 0.735796 
0.192967 0.859290 
0.244818 0.786505 
0.368103 0.749785 
0.309110 0.733796 
0.167588 0.817791 
0.231876 0.805672 
0.451187 0.761260 
0.273661 0.739661 
0.207062 0.781276 
0.216245 0.766575 
0.309735 0.733247 
0.325697 0.743401 
0.367470 0.742635 
0.323969 0.764467 
0.177989 0.815064 
0.411413 0.747320 
0.504421 0.782506 
0.464022 0.767791 
0.309751 0.735070 
0.201248 0.798133 
0.280391 0.773089 
0.164923 0.836153 
0.204845 0.799631 
0.149548 0.856103 
0.271658 0.749368 
0.216504 0.774644 
0.158905 0.863437 
0.245915 0.749717 
0.252187 0.753173 
0.218156 0.772212 
0.203736 0.813903 
0.257702 0.743804 
0.166352 0.851132 
0.175816 0.804569 
0.180193 0.837958 
0.263442 0.798946 
0.345331 0.735569 
0.326679 0.738514 
0.167616 0.836446 
0.269966 0.743406 
0.458929 0.774433 
0.264225 0.745070 
0.412595 0.749389 
0.147209 0.882141 
0.166545 0.848480 
0.268253 0.804368 
0.173575 0.848167 
0.283202 0.754406 
0.266150 0.813788 
0.198384 0.799218 
0.301661 0.785034 
0.256225 0.773565 
0.257253 0.769026 
0.277642 0.736750 
0.378070 0.743536 
0.205217 0.808082 
0.362041 0.741994 
0.185613 0.798605 
0.254111 0.752591 
0.277817 0.765645 
0.237462 0.795120 
0.451016 0.756789 
0.277033 0.738391 
0.234031 0.767997 
0.454159 0.793017 
0.223410 0.771764 
0.300948 0.801901 
0.396255 0.779158 
0.253479 0.775623 
0.335675 0.759719 
0.460894 0.758977 
0.286232 0.770950 
0.161592 0.862138 
0.281161 0.756380 
0.436659 0.750882 
0.375030 0.739746 
0.292113 0.742015 
0.269909 0.752776 
0.240034 0.751293 
0.199618 0.788092 
0.268743 0.778570 
0.258402 0.752566 
0.272029 0.740039 
0.300025 0.782804 
0.252266 0.802567 
0.221869 0.766839 
0.468416 0.766431 
0.195608 0.831053 
0.396476 0.752910 
0.345917 0.736755 
0.199109 0.795767 
0.195950 0.823754 
0.221663 0.788330 
0.306490 0.733182 
0.259908 0.750134 
0.205549 0.817069 
0.164525 0.860570 
0.237698 0.756157 
0.182994 0.821717 
0.394917 0.751366 
0.275061 0.744921 
0.346338 0.736346 
0.347071 0.735032 
0.276074 0.756252 
0.288916 0.737089 
0.281546 0.808104 
0.255369 0.763940 
0.240252 0.819794 
0.300522 0.818915 
0.204333 0.803914 
0.331570 0.749306 
0.218841 0.772312 
0.160267 0.853815 
0.282611 0.743274 
0.314200 0.782104 
0.195087 0.777792 
0.247939 0.761629 
0.245879 0.788587 
0.229049 0.776422 
0.307103 0.764297 
0.339351 0.742058 
0.277195 0.743115 
0.160421 0.854071 
0.224611 0.798990 
0.234869 0.767240 
0.226617 0.769501 
0.297205 0.733048 
0.233643 0.780792 
0.205026 0.778543 
0.458900 0.762105 
0.465416 0.769604 
0.183596 0.811678 
0.447102 0.758381 
0.273399 0.751451 
0.315014 0.735376 
0.201769 0.803317 
0.346969 0.740654 
0.204024 0.788091 
0.265940 0.746015 
0.282952 0.763626 
0.435356 0.751437 
0.286403 0.752304 
0.325807 0.743533 
0.225359 0.798212 
0.364139 0.766217 
0.445440 0.756488 
0.322564 0.733398 
0.223623 0.766446 
0.185210 0.813403 
0.391778 0.742379 
0.315885 0.734271 
0.199192 0.789672 
0.192161 0.817244 
0.220986 0.803477 
0.199724 0.812147 
0.258377 0.746702 
0.272100 0.742635 
0.323629 0.741149 
0.320103 0.753779 
0.454161 0.760626 
0.268190 0.739982 
0.225101 0.764056 
0.245937 0.748077 
0.325037 0.737836 
0.260268 0.791588 
0.476234 0.772640 
0.170192 0.825390 
0.239705 0.804271 
0.231985 0.757031 
0.478400 0.781697 
0.334443 0.735889 
0.161824 0.861790 
0.286546 0.738439 
0.378800 0.797294 
0.246890 0.819476 
0.220034 0.804472 
0.182901 0.818907 
0.376004 0.739586 
0.279841 0.741105 
0.166571 0.824830 
0.192901 0.790758 
0.207260 0.779087 
0.240694 0.754380 
0.337296 0.759203 
0.172359 0.851165 
0.215868 0.773575 
0.236639 0.790918 
0.230618 0.815929 
0.178690 0.831875 
0.214501 0.808391 
0.163198 0.853653 
0.255106 0.789035 
0.161441 0.838419 
0.404830 0.776710 
0.173838 0.823053 
0.274192 0.758040 
0.282240 0.775813 
0.350753 0.736023 
0.429071 0.754127 
0.257826 0.812301 
0.187525 0.801310 
0.421779 0.749916 
0.179032 0.839593 
0.352596 0.757104 
0.292215 0.750809 
0.219636 0.790461 
0.250925 0.754739 
0.410919 0.749118 
0.215055 0.826977 
0.142690 0.875456 
0.489284 0.779873 
0.198433 0.823393 
0.212319 0.771126 
0.239803 0.763296 
0.369638 0.751045 
0.246812 0.753131 
0.271713 0.739495 
0.277504 0.794821 
0.252942 0.778635 
0.370835 0.738252 
0.160639 0.875192 
0.404911 0.768312 
0.232368 0.770356 
0.308799 0.735261 
0.179981 0.828307 
0.443526 0.758745 
0.339608 0.735245 
0.361490 0.745569 
0.280160 0.750387 
0.195629 0.823902 
0.272404 0.807130 
0.145447 0.890336 
0.219711 0.818821 
0.155493 0.856182 
0.287582 0.758046 
0.200172 0.836926 
0.237550 0.752294 
0.206416 0.818629 
0.278827 0.738173 
0.187552 0.817199 
0.180367 0.829700 
0.388245 0.755939 
0.190479 0.818700 
0.349281 0.747943 
0.267750 0.760104 
0.191583 0.787449 
0.160776 0.839286 
0.162811 0.857378 
0.168296 0.857857 
0.352682 0.744438 
0.276443 0.744918 
0.204632 0.797567 
0.210128 0.802053 
0.185133 0.822470 
0.169362 0.825184 
0.390914 0.763111 
0.463496 0.764532 
0.190563 0.804073 
0.420617 0.750061 
0.242129 0.797937 
0.314949 0.739674 
0.388635 0.742047 
0.246729 0.769882 
0.242979 0.754576 
0.210398 0.805599 
0.162575 0.885927 
0.281704 0.735667 
0.232316 0.823448 
0.193130 0.812144 
0.259295 0.785240 
0.390526 0.763965 
0.246689 0.759049 
0.189829 0.818644 
0.300171 0.732732 
0.202254 0.797000 
0.260155 0.787502 
0.266547 0.750617 
0.184719 0.820125 
0.278162 0.742258 
0.158513 0.865337 
0.213986 0.795659 
0.200339 0.790242 
0.469245 0.763751 
0.312490 0.795018 
0.247699 0.749469 
0.285889 0.737457 
0.370454 0.747380 
0.236930 0.753688 
0.267788 0.744081 
0.225628 0.797012 
0.301332 0.733991 
0.222204 0.821610 
0.230095 0.782836 
0.442181 0.786339 
0.154682 0.860351 
0.222710 0.813233 
0.212581 0.774576 
0.414966 0.751436 
0.374121 0.783676 
0.507266 0.771559 
0.289040 0.741120 
0.402452 0.744956 
0.308672 0.770007 
0.256268 0.743588 
0.481834 0.779752 
0.289922 0.744555 
0.194453 0.805851 
0.276279 0.770118 
0.348386 0.735949 
0.371744 0.745422 
0.204098 0.815261 
0.280869 0.753837 
0.327803 0.757366 
0.243141 0.801721 
0.360657 0.736580 
0.165225 0.853717 
0.396208 0.767534 
0.242538 0.755289 
0.212387 0.784291 
0.206234 0.789262 
0.247981 0.802882 
0.381636 0.772158 
0.280553 0.796176 
0.261876 0.748260 
0.326647 0.741910 
0.171218 0.848422 
0.192163 0.794536 
0.267428 0.777888 
0.303713 0.789830 
0.197173 0.783563 
0.291419 0.736954 
0.162645 0.876576 
0.422593 0.753276 
0.421306 0.749076 
0.326153 0.734777 
0.208940 0.815562 
0.251055 0.752765 
0.261968 0.777627 
0.166932 0.834044 
0.326524 0.794870 
0.286434 0.759962 
0.368750 0.739924 
0.243569 0.759754 
0.346114 0.737543 
0.205960 0.801537 
0.282645 0.774672 
0.139217 0.869827 
0.360540 0.784996 
0.342940 0.810010 
0.170692 0.829843 
0.450039 0.759157 
0.284731 0.766073 
0.271032 0.739209 
0.452581 0.760088 
0.355343 0.759228 
0.246231 0.769716 
0.316154 0.734054 
0.431269 0.750871 
0.193137 0.799721 
0.195118 0.817229 
0.219093 0.762634 
0.215405 0.787799 
0.343731 0.784633 
0.233002 0.779505 
0.201108 0.793731 
0.289734 0.775706 
0.286945 0.735648 
0.368177 0.738043 
0.174756 0.839809 
0.185154 0.816683 
0.253974 0.750175 
0.288311 0.784223 
0.209960 0.772364 
0.471557 0.765146 
0.257469 0.780952 
0.277886 0.748104 
0.304078 0.734381 
0.180853 0.836190 
0.160244 0.862599 
0.188959 0.819131 
0.194778 0.818981 
0.237318 0.781015 
0.248094 0.761982 
0.416183 0.754183 
0.308073 0.735586 
0.461576 0.763022 
0.215305 0.767110 
0.196546 0.803270 
0.380775 0.761833 
0.186489 0.822377 
0.404395 0.769085 
0.405922 0.745393 
0.466912 0.770718 
0.230738 0.754242 
0.196218 0.793735 
0.226276 0.773569 
0.217499 0.776568 
0.206761 0.779729 
0.198623 0.784075 
0.254317 0.760139 
0.317023 0.735471 
0.279724 0.791360 
0.181326 0.829307 
0.211865 0.826156 
0.241698 0.765434 
0.156067 0.862298 
0.237350 0.789364 
0.269444 0.742456 
0.149764 0.890479 
0.486347 0.770918 
0.182688 0.805459 
0.378434 0.742220 
0.145597 0.882678 
0.374784 0.748670 
0.170863 0.825509 
0.281556 0.740037 
0.251447 0.752653 
0.203992 0.786924 
0.374430 0.767179 
0.236010 0.754633 
0.287665 0.739590 
0.175544 0.858245 
0.254083 0.757098 
0.247014 0.755336 
0.255877 0.755413 
0.220465 0.811423 
0.168579 0.832056 
0.238745 0.774113 
0.313502 0.756023 
0.254477 0.798581 
0.419220 0.759974 
0.331511 0.773256 
0.306894 0.733520 
0.386674 0.741225 
0.274377 0.752585 
0.269211 0.740404 
0.438587 0.771447 
0.208094 0.820253 
0.281453 0.741079 
0.183480 0.830038 
0.262164 0.790538 
0.310309 0.794344 
0.206235 0.796580 
0.168083 0.833184 
0.362795 0.737046 
0.202697 0.784243 
0.262393 0.769756 
0.250568 0.792128 
0.224175 0.772741 
0.221959 0.770634 
0.218209 0.768075 
0.429820 0.753894 
0.203449 0.850829 
0.237101 0.751890 
0.270912 0.753614 
0.304405 0.767494 
0.224009 0.761497 
0.223365 0.770585 
0.251506 0.795948 
0.257105 0.806801 
0.207571 0.823150 
0.179114 0.821685 
0.219714 0.781869 
0.486020 0.771575 
0.195488 0.814537 
0.280001 0.741534 
0.502516 0.778044 
0.168071 0.842555 
0.308258 0.788005 
0.557733 0.812225 
0.266365 0.741869 
0.165732 0.831652 
0.221519 0.777617 
0.180281 0.868350 
0.248790 0.774803 
0.397332 0.743417 
0.226656 0.770155 
0.441567 0.773904 
0.209075 0.826780 
0.300853 0.752746 
0.215215 0.789679 
0.173207 0.856216 
0.167626 0.836297 
0.226175 0.761955 
0.387653 0.749476 
0.217782 0.828210 
0.286421 0.747382 
0.151795 0.901861 
0.376632 0.739574 
0.238300 0.801907 
0.178805 0.829879 
0.252000 0.767066 
0.264356 0.803361 
0.375783 0.743166 
0.248409 0.745257 
0.218257 0.766725 
0.172519 0.833931 
0.361433 0.752161 
0.275877 0.753991 
0.478764 0.773266 
0.279406 0.783539 
0.281738 0.745262 
0.214114 0.768901 
0.334655 0.789023 
0.415772 0.752206 
0.200399 0.820626 
0.222043 0.821865 
0.270990 0.745197 
0.263560 0.751800 
0.440771 0.761756 
0.248639 0.775538 
0.187229 0.816124 
0.202637 0.795716 
0.328490 0.756952 
0.439899 0.763707 
0.287771 0.743256 
0.421384 0.751875 
0.315998 0.752892 
0.363318 0.737367 
0.144421 0.859785 
0.466725 0.764740 
0.298942 0.736607 
0.188878 0.814546 
0.298619 0.734377 
0.270599 0.742045 
0.283069 0.802360 
0.158414 0.892106 
0.230167 0.764918 
0.413997 0.747610 
0.286468 0.737971 
0.378100 0.747403 
0.243353 0.766770 
0.145721 0.871595 
0.197395 0.836526 
0.263350 0.742262 
0.440939 0.763077 
0.220526 0.785624 
0.244381 0.785229 
0.154620 0.872810 
0.313644 0.736599 
0.263752 0.759317 
0.161896 0.838037 
0.438688 0.754919 
0.178179 0.829098 
0.173478 0.838414 
0.230840 0.811663 
0.275319 0.801573 
0.243038 0.767609 
0.327278 0.793189 
0.406552 0.745496 
0.233553 0.770692 
0.213307 0.791195 
0.216743 0.822613 
0.219026 0.776082 
0.219001 0.773394 
0.214748 0.773258 
0.144731 0.893563 
0.222422 0.772304 
0.160537 0.824187 
0.264550 0.742400 
0.166614 0.857550 
0.188333 0.823967 
0.264229 0.795299 
0.236312 0.821825 
0.203702 0.792300 
0.233886 0.772762 
0.285415 0.738629 
0.218683 0.779476 
0.195021 0.805034 
0.478051 0.769018 
0.221150 0.797413 
0.303476 0.815380 
0.208921 0.782287 
0.188344 0.838801 
0.298256 0.746916 
0.227973 0.777327 
0.166229 0.843156 
0.295197 0.736359 
0.243600 0.800472 
0.218270 0.784962 
0.327352 0.818451 
0.185234 0.808319 
0.444251 0.758405 
0.328261 0.734013 
0.246366 0.760392 
0.506584 0.776612 
0.343269 0.759129 
0.277717 0.766679 
0.323050 0.734989 
0.175894 0.854443 
0.257220 0.748588 
0.255994 0.766673 
0.296106 0.771805 
0.307009 0.766065 
0.437197 0.754900 
0.169528 0.855629 
0.324863 0.743679 
0.213193 0.809870 
0.411382 0.747713 
0.269712 0.750917 
0.158080 0.850657 
0.288679 0.739224 
0.263558 0.802883 
0.314455 0.757013 
0.392646 0.767894 
0.270351 0.740720 
0.202344 0.804089 
0.221436 0.766122 
0.222074 0.787717 
0.248210 0.810134 
0.263732 0.770220 
0.367819 0.750339 
0.162057 0.889831 
0.155962 0.864642 
0.184633 0.796301 
0.280053 0.766175 
0.342031 0.749182 
0.155065 0.864520 
0.168892 0.828257 
0.363158 0.738924 
0.235047 0.786800 
0.298736 0.746048 
0.200933 0.780065 
0.283498 0.783055 
0.232160 0.808193 
0.279778 0.751115 
0.234896 0.790020 
0.200180 0.797466 
0.211632 0.784802 
0.154118 0.838401 
0.230411 0.797315 
0.351700 0.742255 
0.269790 0.758875 
0.494028 0.773028 
0.229867 0.774062 
0.217374 0.785003 
0.242204 0.772787 
0.153285 0.877139 
0.210194 0.772392 
0.276996 0.762469 
0.264223 0.742270 
0.366140 0.742329 
0.400132 0.753006 
0.340793 0.734941 
0.434925 0.755357 
0.337225 0.733935 
0.326059 0.747172 
0.309615 0.734744 
0.167548 0.826665 
0.290564 0.737021 
0.326489 0.751013 
0.267781 0.748466 
0.199661 0.804334 
0.177483 0.827486 
0.232996 0.809921 
0.484504 0.768562 
0.306458 0.740463 
0.274822 0.742377 
0.235630 0.777742 
0.387964 0.768635 
0.281974 0.796871 
0.481387 0.772595 
0.241995 0.753904 
0.173516 0.837519 
0.179848 0.833097 
0.218990 0.765700 
0.191812 0.794899 
0.292503 0.737113 
0.429350 0.750531 
0.228498 0.800790 
0.287497 0.766691 
0.202632 0.775287 
0.316846 0.800429 
0.221434 0.769872 
0.311759 0.765459 
0.181472 0.817909 
0.326512 0.735973 
0.231424 0.763645 
0.281041 0.735901 
0.289762 0.809058 
0.219583 0.774561 
0.206714 0.778655 
0.407557 0.746957 
0.377964 0.738762 
0.217033 0.786761 
0.202538 0.806068 
0.322170 0.734720 
0.286038 0.739872 
0.414332 0.765786 
0.244239 0.789948 
0.276804 0.739597 
0.465626 0.767554 
0.239087 0.800866 
0.304255 0.757775 
0.171513 0.840336 
0.268867 0.740146 
0.522661 0.804260 
0.172125 0.853121 
0.222376 0.780742 
0.188264 0.803983 
0.474851 0.763369 
0.218810 0.786042 
0.488234 0.789420 
0.174090 0.828264 
0.218319 0.775175 
0.372886 0.748345 
0.252996 0.744695 
0.154300 0.841760 
0.311536 0.737251 
0.173146 0.844808 
0.263085 0.788529 
0.174196 0.815045 
0.434658 0.765880 
0.470737 0.767695 
0.246618 0.813153 
0.151079 0.882267 
0.209419 0.799848 
0.364917 0.747118 
0.159256 0.837914 
0.261066 0.754682 
0.267263 0.793100 
0.339963 0.737931 
0.254630 0.773132 
0.227963 0.815917 
0.309484 0.733468 
0.289445 0.735429 
0.257904 0.752598 
0.286347 0.735249 
0.204507 0.777963 
0.258872 0.765630 
0.204546 0.802270 
0.265591 0.740147 
0.231775 0.770651 
0.160940 0.856436 
0.241771 0.757970 
0.334146 0.737139 
0.170374 0.819668 
0.337809 0.749016 
0.197876 0.833718 
0.169700 0.825329 
0.285346 0.736258 
0.244269 0.803480 
0.167438 0.864225 
0.173145 0.845604 
0.159766 0.840423 
0.304947 0.735111 
0.330304 0.739281 
0.167802 0.868033 
0.249978 0.752512 
0.241841 0.768471 
0.381167 0.752569 
0.159735 0.869069 
0.497429 0.772118 
0.256511 0.798641 
0.179401 0.823967 
0.231004 0.805171 
0.294517 0.735502 
0.388609 0.745648 
0.309724 0.762590 
0.392573 0.745832 
0.144737 0.882198 
0.215830 0.832185 
0.252263 0.749508 
0.483873 0.770537 
0.308151 0.757272 
0.257875 0.776558 
0.280071 0.747794 
0.339222 0.753267 
0.262913 0.760618 
0.190468 0.809839 
0.190144 0.796237 
0.211637 0.791290 
0.324447 0.771657 
0.434033 0.756691 
0.360993 0.741906 
0.267770 0.742440 
0.221748 0.812148 
0.251455 0.803200 
0.315429 0.763417 
0.259061 0.754472 
0.209415 0.779206 
0.365514 0.739452 
0.216978 0.789584 
0.416644 0.750313 
0.239767 0.796049 
0.306494 0.735190 
0.317658 0.752887 
0.240214 0.785247 
0.167325 0.862171 
0.208148 0.813250 
0.285011 0.773668 
0.256164 0.759655 
0.265979 0.765301 
0.198685 0.785220 
0.149152 0.869988 
0.370449 0.747326 
0.215251 0.815311 
0.190377 0.812232 
0.277768 0.815872 
0.459601 0.762876 
0.284000 0.769261 
0.214048 0.801976 
0.204383 0.789446 
0.357585 0.741716 
0.227889 0.766501 
0.198578 0.822197 
0.264836 0.749713 
0.290177 0.736646 
0.266226 0.748122 
0.356722 0.748636 
0.251206 0.759281 
0.169155 0.837117 
0.496839 0.779455 
0.263821 0.771466 
0.225330 0.784770 
0.211379 0.788153 
0.249438 0.753806 
0.336913 0.787917 
0.234410 0.778576 
0.310325 0.736357 
0.243243 0.809215 
0.215536 0.826443 
0.242694 0.768059 
0.248796 0.749581 
0.501969 0.777726 
0.187421 0.804408 
0.183098 0.811664 
0.229830 0.757492 
0.394020 0.799682 
0.229366 0.762749 
0.347304 0.765995 
0.400204 0.772402 
0.157431 0.837167 
0.193483 0.835527 
0.256973 0.766870 
0.308850 0.745274 
0.249965 0.786631 
0.353272 0.736125 
0.238115 0.757676 
0.442871 0.769618 
0.254025 0.749693 
0.171903 0.837601 
0.209199 0.779264 
0.189047 0.799194 
0.291582 0.744456 
0.487092 0.775413 
0.180569 0.811272 
0.182281 0.806191 
0.351315 0.734610 
0.218708 0.833619 
0.366876 0.739429 
0.463838 0.759069 
0.238234 0.747642 
0.205881 0.789154 
0.186666 0.854173 
0.266498 0.738859 
0.187460 0.838461 
0.270121 0.742063 
0.210344 0.782023 
0.211534 0.820505 
0.238130 0.770756 
0.330748 0.737128 
0.212079 0.798514 
0.190035 0.810200 
0.283944 0.735867 
0.224635 0.798822 
0.224282 0.784992 
0.288643 0.734804 
0.410862 0.763507 
0.254982 0.787404 
0.250513 0.773165 
0.314318 0.743784 
0.231604 0.769830 
0.240515 0.750555 
0.229745 0.768328 
0.273433 0.737793 
0.230502 0.770318 
0.215626 0.808520 
0.285247 0.777906 
0.390443 0.764672 
0.156861 0.873401 
0.178347 0.825959 
0.321513 0.777636 
0.197547 0.787624 
0.346619 0.736160 
0.196788 0.820707 
0.191134 0.805729 
0.336217 0.741665 
0.231312 0.780512 
0.320500 0.796949 
0.360366 0.747256 
0.182736 0.795930 
0.136774 0.895978 
0.190864 0.816846 
0.385938 0.740600 
0.456427 0.760207 
0.254724 0.744658 
0.165732 0.879577 
0.238641 0.763339 
0.451660 0.776323 
0.327494 0.764047 
0.506249 0.778993 
0.490223 0.778697 
0.270508 0.741881 
0.327332 0.733664 
0.175548 0.849516 
0.295800 0.734420 
0.217199 0.779116 
0.153054 0.898826 
0.240321 0.768947 
0.180470 0.818713 
0.210510 0.792784 
0.175493 0.825506 
0.201903 0.809143 
0.402633 0.777727 
0.205817 0.776268 
0.199670 0.831547 
0.259250 0.742073 
0.359198 0.739593 
0.412232 0.747298 
0.435387 0.754376 
0.164203 0.867365 
0.218581 0.775986 
0.269648 0.742499 
0.161242 0.819876 
0.306743 0.734592 
0.157358 0.877707 
0.180490 0.795903 
0.231222 0.756346 
0.278567 0.742073 
0.223497 0.813790 
0.246875 0.762151 
0.173941 0.853133 
0.251769 0.748297 
0.207860 0.821366 
0.382157 0.739440 
0.201416 0.809175 
0.298503 0.734990 
0.251316 0.749249 
0.207875 0.813744 
0.205270 0.831358 
0.196625 0.784074 
0.373496 0.739178 
0.372817 0.753480 
0.361805 0.737425 
0.368499 0.739031 
0.234417 0.802316 
0.271427 0.786119 
0.295740 0.734867 
0.310284 0.784652 
0.179595 0.814290 
0.224518 0.804177 
0.173192 0.818107 
0.191055 0.793784 
0.318225 0.754555 
0.213682 0.794594 
0.165827 0.844452 
0.204341 0.780324 
0.218284 0.767595 
0.309129 0.734285 
0.374384 0.739611 
0.269982 0.756666 
0.363231 0.738962 
0.320682 0.743247 
0.212640 0.809850 
0.310556 0.782207 
0.250530 0.755443 
0.255915 0.790176 
0.366457 0.754313 
0.181125 0.809285 
0.360525 0.744575 
0.437904 0.756927 
0.163587 0.832992 
0.213504 0.811712 
0.311434 0.739084 
0.255760 0.756847 
0.396018 0.743220 
0.170535 0.833498 
0.217874 0.762884 
0.383955 0.753461 
0.341455 0.733581 
0.347400 0.761864 
0.170861 0.837638 
0.291661 0.757086 
0.422165 0.752512 
0.417131 0.749454 
0.219792 0.769084 
0.401460 0.755020 
0.321035 0.781211 
0.267292 0.767881 
0.297221 0.735424 
0.207474 0.782627 
0.237472 0.771040 
0.164613 0.853507 
0.264836 0.747165 
0.277167 0.738850 
0.183480 0.823375 
0.473421 0.768162 
0.148229 0.863665 
0.290498 0.756173 
0.281901 0.744567 
0.270863 0.778823 
0.167168 0.848319 
0.414528 0.750043 
0.408772 0.745936 
0.334060 0.740770 
0.200610 0.827876 
0.279742 0.740111 
0.265519 0.767865 
0.231468 0.788082 
0.244841 0.771546 
0.198691 0.793698 
0.338664 0.736156 
0.170527 0.843155 
0.187337 0.792710 
0.333321 0.752531 
0.211558 0.804189 
0.306179 0.747000 
0.288345 0.775560 
0.288548 0.734837 
0.274021 0.805488 
0.489338 0.784048 
0.196620 0.825993 
0.231840 0.776710 
0.151359 0.880948 
0.190858 0.823012 
0.146084 0.872498 
0.152164 0.877385 
0.184594 0.812791 
0.405201 0.745802 
0.183265 0.830317 
0.464467 0.769412 
0.481875 0.768164 
0.160431 0.854182 
0.197283 0.790779 
0.241974 0.758086 
0.235543 0.771661 
0.167878 0.831017 
0.247990 0.758142 
0.195593 0.831856 
0.304447 0.737986 
0.210773 0.816895 
0.268145 0.739076 
0.206712 0.813281 
0.179442 0.851394 
0.239986 0.750150 
0.579846 0.812801 
0.196918 0.794534 
0.485841 0.773095 
0.245001 0.753838 
0.310192 0.813503 
0.242497 0.777934 
0.360056 0.736159 
0.355122 0.739535 
0.305311 0.734515 
0.418441 0.790935 
0.318228 0.767780 
0.296607 0.761641 
0.226767 0.789660 
0.187552 0.864356 
0.274971 0.741360 
0.298112 0.777540 
0.318713 0.750400 
0.204329 0.829076 
0.216489 0.773692 
0.202038 0.779695 
0.349960 0.738190 
0.174305 0.832706 
0.216444 0.789848 
0.294267 0.808799 
0.391129 0.747629 
0.203867 0.800801 
0.371015 0.738729 
0.378299 0.745338 
0.191534 0.830561 
0.271555 0.738803 
0.235293 0.811137 
0.268996 0.738951 
0.471328 0.767801 
0.223087 0.782297 
0.212473 0.791929 
0.194781 0.849724 
0.269089 0.761118 
0.359211 0.739127 
0.381573 0.756098 
0.283518 0.742145 
0.269123 0.741698 
0.468614 0.764203 
0.299077 0.758964 
0.212086 0.838321 
0.350695 0.806800 
0.294861 0.800283 
0.420723 0.758901 
0.194479 0.843731 
0.270346 0.745938 
0.210409 0.804339 
0.232505 0.759035 
0.278110 0.790184 
0.217415 0.824554 
0.340606 0.806548 
0.342073 0.737890 
0.338518 0.751264 
0.373318 0.745235 
0.262702 0.752894 
0.319001 0.743424 
0.227835 0.796304 
0.231997 0.757693 
0.360335 0.739156 
0.185360 0.826404 
0.385373 0.746215 
0.171704 0.857957 
0.224063 0.773852 
0.201196 0.811413 
0.142750 0.863552 
0.180111 0.820557 
0.283092 0.737041 
0.178829 0.814402 
0.148596 0.864708 
0.372988 0.745399 
0.161749 0.860255 
0.275083 0.755204 
0.260831 0.752455 
0.162344 0.847657 
0.262150 0.748578 
0.449718 0.760434 
0.319446 0.748616 
0.324164 0.735732 
0.249857 0.754173 
0.195891 0.789390 
0.234667 0.816303 
0.438958 0.760697 
0.183269 0.819457 
0.198347 0.826941 
0.268552 0.739652 
0.388853 0.742020 
0.236051 0.801757 
0.241122 0.754588 
0.382220 0.743843 
0.380882 0.746923 
0.162659 0.857378 
0.251350 0.783025 
0.146204 0.871519 
0.211544 0.769987 
0.236339 0.769166 
0.314794 0.734088 
0.232935 0.763998 
0.220079 0.772602 
0.174128 0.815278 
0.217959 0.789649 
0.322954 0.777324 
0.164336 0.830060 
0.374209 0.738437 
0.160450 0.843831 
0.394810 0.744323 
0.295068 0.735147 
0.385194 0.765173 
0.349412 0.736136 
0.310180 0.733372 
0.223787 0.801169 
0.406441 0.748104 
0.204960 0.789653 
0.241595 0.754505 
0.277461 0.758082 
0.303158 0.756620 
0.211509 0.768689 
0.374311 0.743349 
0.352805 0.751889 
0.230417 0.775634 
0.364859 0.752792 
0.374110 0.745274 
0.167855 0.849334 
0.479904 0.773927 
0.216106 0.775766 
0.316219 0.738054 
0.395167 0.749906 
0.183803 0.822682 
0.416430 0.750840 
0.307269 0.736078 
0.168444 0.845788 
0.221914 0.777331 
0.160515 0.895647 
0.365039 0.736546 
0.143954 0.872607 
0.228616 0.801795 
0.395532 0.746635 
0.435871 0.756680 
0.415699 0.748144 
0.326170 0.735782 
0.389463 0.747769 
0.156485 0.866648 
0.153919 0.874300 
0.244532 0.753574 
0.195414 0.800384 
0.287860 0.737060 
0.177271 0.818412 
0.217932 0.784285 
0.309977 0.799475 
0.193924 0.825087 
0.214304 0.801904 
0.137866 0.882818 
0.275861 0.775867 
0.191037 0.796462 
0.263454 0.739716 
0.219484 0.772548 
0.273269 0.760618 
0.245467 0.749911 
0.229003 0.758453 
0.305411 0.755424 
0.273141 0.743879 
0.178701 0.844319 
0.252560 0.746071 
0.196795 0.808344 
0.180524 0.847046 
0.290370 0.780140 
0.326695 0.736265 
0.264387 0.814200 
0.235152 0.775480 
0.172066 0.830954 
0.205290 0.783153 
0.409618 0.747429 
0.247312 0.749488 
0.225750 0.756023 
0.263654 0.779750 
0.287491 0.738627 
0.238585 0.754773 
0.239785 0.778545 
0.367875 0.737924 
0.380159 0.750344 
0.413944 0.748192 
0.144133 0.902570 
0.261680 0.797536 
0.190936 0.832085 
0.483988 0.773495 
0.257338 0.749385 
0.251776 0.810683 
0.417710 0.753762 
0.432373 0.769970 
0.487099 0.772485 
0.199022 0.809816 
0.168059 0.824184 
0.238585 0.761292 
0.196078 0.811703 
0.267424 0.741437 
0.190150 0.804474 
0.155899 0.850936 
0.176198 0.829556 
0.225706 0.788315 
0.285726 0.790721 
0.277081 0.787343 
0.185691 0.810753 
0.365335 0.740516 
0.173389 0.859191 
0.443244 0.770018 
0.392133 0.745289 
0.183339 0.822803 
0.371353 0.742356 
0.209256 0.772324 
0.233525 0.754923 
0.274162 0.788911 
0.364832 0.739015 
0.360555 0.738988 
0.183393 0.857466 
0.433277 0.753120 
0.216341 0.777358 
0.244675 0.804440 
0.175375 0.846838 
0.422239 0.751351 
0.159723 0.840092 
0.461188 0.771113 
0.333193 0.773210 
0.223537 0.773404 
0.426465 0.768567 
0.243300 0.810840 
0.151592 0.856812 
0.434995 0.754069 
0.332802 0.737927 
0.180109 0.824124 
0.291545 0.800349 
0.320968 0.735473 
0.304715 0.740189 
0.177278 0.809076 
0.192658 0.816580 
0.188969 0.802122 
0.227498 0.758093 
0.202323 0.798677 
0.233737 0.762676 
0.175479 0.836219 
0.241667 0.756731 
0.412111 0.749424 
0.280931 0.784653 
0.294373 0.774091 
0.406067 0.755573 
0.292732 0.771108 
0.161389 0.845108 
0.454136 0.759983 
0.146341 0.882218 
0.190322 0.814778 
0.234469 0.777669 
0.172520 0.877570 
0.398587 0.767594 
0.358074 0.737791 
0.351919 0.739397 
0.169362 0.839268 
0.376044 0.770641 
0.364365 0.738898 
0.196147 0.820331 
0.274922 0.744884 
0.473914 0.768151 
0.433455 0.753253 
0.164427 0.864029 
0.182915 0.824008 
0.227387 0.756197 
0.206754 0.796837 
0.259404 0.762786 
0.297698 0.776259 
0.265430 0.739355 
0.219977 0.765259 
0.304440 0.758950 
0.342854 0.783561 
0.262384 0.806138 
0.203216 0.793516 
0.278170 0.740571 
0.490593 0.773628 
0.228016 0.782464 
0.198516 0.788725 
0.451849 0.759606 
0.219241 0.823738 
0.432836 0.772572 
0.202801 0.824814 
0.271582 0.762208 
0.172396 0.844889 
0.247506 0.750396 
0.260342 0.746713 
0.229437 0.822485 
0.347898 0.742840 
0.348094 0.736355 
0.186549 0.799660 
0.225853 0.794660 
0.205677 0.793647 
0.371438 0.739183 
0.208176 0.823232 
0.161890 0.846472 
0.418497 0.763518 
0.275046 0.757054 
0.203828 0.778103 
0.299135 0.798946 
0.197520 0.798408 
0.262782 0.779551 
0.371502 0.739692 
0.247730 0.786084 
0.267169 0.741415 
0.218742 0.790003 
0.211695 0.792856 
0.374507 0.739854 
0.183112 0.820909 
0.156938 0.869478 
0.190221 0.804836 
0.315698 0.735716 
0.183267 0.808331 
0.301238 0.764096 
0.209733 0.782069 
0.229394 0.825231 
0.223027 0.763361 
0.173693 0.857406 
0.160395 0.843468 
0.227239 0.761653 
0.186455 0.799658 
0.227074 0.773622 
0.381442 0.749180 
0.448747 0.766234 
0.226089 0.761758 
0.224625 0.825477 
0.178344 0.817616 
0.375643 0.748590 
0.188703 0.792105 
0.254477 0.755986 
0.460174 0.763616 
0.163459 0.841765 
0.295072 0.736842 
0.164875 0.859562 
0.193477 0.818603 
0.309052 0.737635 
0.215626 0.822685 
0.265794 0.747395 
0.324953 0.733170 
0.239410 0.750072 
0.386754 0.743298 
0.332473 0.758407 
0.222700 0.769316 
0.338779 0.742305 
0.208040 0.783845 
0.322719 0.741631 
0.170395 0.859996 
0.256947 0.815253 
0.171490 0.846016 
0.240741 0.753681 
0.246870 0.782408 
0.217837 0.773276 
0.233824 0.759202 
0.231192 0.766883 
0.324326 0.761999 
0.251061 0.766921 
0.252873 0.761076 
0.389240 0.752772 
0.193628 0.813660 
0.416366 0.746563 
0.188901 0.816480 
0.247666 0.755372 
0.467787 0.765006 
0.231555 0.766693 
0.253375 0.754595 
0.254160 0.787174 
0.229974 0.792268 
0.152391 0.876531 
0.192866 0.795708 
0.443417 0.768961 
0.257124 0.742112 
0.247429 0.761666 
0.244892 0.759162 
0.181786 0.818739 
0.278564 0.755134 
0.208766 0.774114 
0.193959 0.826821 
0.489746 0.775344 
0.219363 0.773173 
0.408609 0.748940 
0.329308 0.767504 
0.342566 0.782271 
0.284482 0.736948 
0.229601 0.795396 
0.497101 0.774629 
0.220920 0.772089 
0.337920 0.734943 
0.228873 0.766278 
0.286291 0.813192 
0.241614 0.761194 
0.231914 0.810478 
0.156880 0.866237 
0.170744 0.820842 
0.552818 0.810501 
0.300649 0.735146 
0.234140 0.808611 
0.305040 0.734374 
0.184505 0.810555 
0.350982 0.738043 
0.306817 0.731059 
0.322476 0.744630 
0.170356 0.817717 
0.225847 0.805841 
0.211632 0.796942 
0.233989 0.817124 
0.265964 0.758653 
0.237642 0.765314 
0.215179 0.765521 
0.306839 0.788361 
0.263720 0.755142 
0.294980 0.747030 
0.430717 0.752417 
0.269752 0.739308 
0.244591 0.766153 
0.361069 0.743195 
0.165953 0.864411 
0.264550 0.787464 
0.263512 0.744154 
0.204176 0.797531 
0.229100 0.790717 
0.221423 0.760405 
0.383410 0.741426 
0.196067 0.797489 
0.211265 0.787001 
0.367914 0.738452 
0.183825 0.822941 
0.223006 0.776378 
0.166404 0.843845 
0.268122 0.739897 
0.304576 0.791227 
0.278387 0.741508 
0.221084 0.817151 
0.194606 0.794195 
0.311213 0.734935 
0.336320 0.736937 
0.185998 0.838793 
0.393351 0.741119 
0.252869 0.786950 
0.254182 0.744387 
0.186582 0.815952 
0.448981 0.766121 
0.207236 0.775476 
0.385455 0.745367 
0.198229 0.811446 
0.271774 0.804257 
0.247830 0.776749 
0.324482 0.734930 
0.482537 0.782695 
0.146603 0.870218 
0.207970 0.791644 
0.373865 0.765297 
0.215361 0.775401 
0.248639 0.747861 
0.390290 0.749519 
0.245943 0.755697 
0.257286 0.758359 
0.420087 0.748388 
0.475447 0.767489 
0.181817 0.810502 
0.267645 0.773945 
0.228604 0.793517 
0.242232 0.773049 
0.225013 0.769168 
0.150804 0.888398 
0.187078 0.813654 
0.205402 0.793199 
0.202815 0.806634 
0.188499 0.816940 
0.190543 0.829481 
0.285371 0.736371 
0.482655 0.772597 
0.195654 0.800552 
0.210166 0.781534 
0.438688 0.754307 
0.235137 0.782359 
0.214096 0.770082 
0.150691 0.878941 
0.267517 0.750787 
0.243323 0.773595 
0.339777 0.739267 
0.429524 0.759225 
0.297124 0.744486 
0.273786 0.773811 
0.372210 0.738777 
0.215832 0.775642 
0.279841 0.749509 
0.258017 0.780974 
0.160681 0.821037 
0.443891 0.757658 
0.179220 0.807735 
0.240412 0.799805 
0.274421 0.785978 
0.500539 0.776965 
0.128674 0.863506 
0.312183 0.738260 
0.198718 0.796196 
0.220951 0.779726 
0.221254 0.776501 
0.547278 0.798705 
0.214348 0.824142 
0.468976 0.768947 
0.227704 0.753094 
0.238402 0.751580 
0.244330 0.814975 
0.211388 0.782420 
0.299950 0.737009 
0.357668 0.776065 
0.245315 0.778276 
0.212743 0.770744 
0.256345 0.756926 
0.177082 0.824817 
0.211846 0.787708 
0.242755 0.753594 
0.241331 0.759453 
0.209932 0.820808 
0.252518 0.791365 
0.212361 0.807877 
0.246981 0.755617 
0.251821 0.773554 
0.300049 0.734785 
0.230204 0.787474 
0.345751 0.735810 
0.384849 0.741444 
0.327691 0.773277 
0.350393 0.734820 
0.181967 0.824097 
0.215984 0.767244 
0.226112 0.803368 
0.251831 0.747666 
0.233707 0.757876 
0.222444 0.765731 
0.432890 0.754444 
0.219284 0.761594 
0.161115 0.851371 
0.267873 0.741324 
0.350060 0.804653 
0.362410 0.738651 
0.209013 0.782134 
0.180508 0.822370 
0.453707 0.770722 
0.239327 0.790743 
0.313825 0.735288 
0.284299 0.765066 
0.184405 0.816242 
0.311213 0.740649 
0.219794 0.776326 
0.218152 0.793322 
0.322027 0.764804 
0.225553 0.763352 
0.300900 0.733037 
0.207696 0.829493 
0.198073 0.829210 
0.239227 0.756987 
0.201868 0.780889 
0.194146 0.818153 
0.432571 0.753176 
0.253674 0.744213 
0.183338 0.852876 
0.258665 0.754538 
0.272944 0.741051 
0.234144 0.767836 
0.306435 0.744624 
0.396553 0.743314 
0.292671 0.789786 
0.365800 0.746062 
0.309828 0.738216 
0.200370 0.829638 
0.234029 0.822788 
0.218106 0.794320 
0.285368 0.752631 
0.270391 0.789105 
0.278198 0.773013 
0.180739 0.823416 
0.168548 0.824305 
0.289028 0.798107 
0.262642 0.750197 
0.241570 0.750726 
0.255984 0.761142 
0.293771 0.736658 
0.204967 0.830493 
0.185300 0.824265 
0.203831 0.812602 
0.264089 0.756975 
0.183644 0.811495 
0.221810 0.812970 
0.245496 0.748523 
0.235475 0.822397 
0.224575 0.760390 
0.248753 0.802247 
0.344726 0.746087 
0.302492 0.736191 
0.242883 0.819067 
0.184529 0.822447 
0.174552 0.826776 
0.398805 0.745680 
0.211807 0.810579 
0.405241 0.755133 
0.296471 0.766431 
0.191324 0.836862 
0.194995 0.811370 
0.355106 0.803652 
0.426508 0.754846 
0.260769 0.755520 
0.460835 0.764846 
0.260117 0.744709 
0.320275 0.734353 
0.233316 0.763214 
0.249889 0.746590 
0.271190 0.792340 
0.207468 0.786676 
0.264367 0.745272 
0.193877 0.833476 
0.164483 0.864841 
0.355280 0.736081 
0.300506 0.794204 
0.372505 0.740428 
0.488719 0.769976 
0.233694 0.767699 
0.220141 0.767491 
0.358490 0.736685 
0.228609 0.803656 
0.253343 0.751674 
0.214510 0.829862 
0.253033 0.750015 
0.482473 0.774213 
0.321735 0.734692 
0.211255 0.818039 
0.343993 0.805454 
0.199404 0.818484 
0.347805 0.735791 
0.363799 0.744087 
0.183170 0.820001 
0.205324 0.814737 
0.221481 0.773415 
0.175685 0.827653 
0.184224 0.797389 
0.388989 0.741735 
0.213658 0.797976 
0.275183 0.758570 
0.324441 0.734113 
0.167107 0.840944 
0.257569 0.754386 
0.213688 0.818589 
0.321408 0.809105 
0.152891 0.852324 
0.250482 0.745865 
0.188690 0.815286 
0.326358 0.746145 
0.286175 0.740062 
0.281546 0.736600 
0.237222 0.797407 
0.233696 0.797913 
0.497525 0.782385 
0.284401 0.794637 
0.299644 0.734289 
0.333594 0.769266 
0.313814 0.733640 
0.185972 0.829289 
0.195063 0.798194 
0.246048 0.746649 
0.276906 0.759510 
0.162844 0.826735 
0.170747 0.862522 
0.249390 0.766647 
0.453655 0.773835 
0.196343 0.808148 
0.209366 0.831415 
0.306462 0.734572 
0.577332 0.809081 
0.147969 0.882488 
0.438774 0.756827 
0.230546 0.790513 
0.281516 0.756835 
0.292100 0.735313 
0.259925 0.751384 
0.265812 0.744231 
0.386185 0.740666 
0.205615 0.805369 
0.516784 0.782261 
0.448338 0.755788 
0.213483 0.776221 
0.204767 0.793623 
0.213957 0.784071 
0.284572 0.783964 
0.439210 0.766778 
0.174463 0.847618 
0.250519 0.748935 
0.195823 0.789632 
0.197382 0.833524 
0.358929 0.738952 
0.261494 0.749099 
0.270335 0.741066 
0.163607 0.852362 
0.186926 0.823494 
0.202295 0.787660 
0.195097 0.798880 
0.247613 0.765636 
0.368031 0.742220 
0.183970 0.814996 
0.313098 0.754713 
0.319680 0.804840 
0.155820 0.876017 
0.174186 0.816584 
0.258786 0.786054 
0.211418 0.778261 
0.215070 0.791303 
0.221006 0.765938 
0.140119 0.884407 
0.260585 0.782121 
0.165625 0.828901 
0.168406 0.868243 
0.231348 0.797765 
0.260899 0.791875 
0.471719 0.765934 
0.244885 0.765375 
0.258370 0.764789 
0.310049 0.746838 
0.283351 0.756295 
0.179686 0.831134 
0.207422 0.769910 
0.328244 0.733393 
0.183318 0.827242 
0.207345 0.781549 
0.325475 0.735506 
0.242869 0.759900 
0.303225 0.797805 
0.328149 0.733114 
0.285753 0.739120 
0.215719 0.767208 
0.446400 0.761018 
0.349486 0.742264 
0.168942 0.843150 
0.234740 0.774402 
0.347268 0.735845 
0.429737 0.761103 
0.300628 0.735017 
0.319123 0.742635 
0.255855 0.743965 
0.229230 0.772455 
0.176745 0.813439 
0.272229 0.759954 
0.399378 0.773408 
0.299163 0.769864 
0.215966 0.779899 
0.496146 0.777408 
0.226589 0.770377 
0.358438 0.758452 
0.209619 0.803777 
0.213286 0.811185 
0.313361 0.746585 
0.302711 0.757527 
0.207979 0.793569 
0.266508 0.770808 
0.190297 0.831632 
0.259976 0.744143 
0.458539 0.764073 
0.219720 0.771057 
0.233790 0.757010 
0.160990 0.845354 
0.238101 0.766841 
0.306151 0.755985 
0.241055 0.750072 
0.230728 0.758236 
0.382311 0.740971 
0.277808 0.765709 
0.234148 0.762282 
0.225789 0.778165 
0.150742 0.877335 
0.308411 0.771026 
0.211566 0.790241 
0.376329 0.742623 
0.379418 0.741425 
0.360988 0.738556 
0.211121 0.768762 
0.208567 0.770743 
0.384817 0.743050 
0.215722 0.795697 
0.232301 0.760690 
0.250735 0.743476 
0.293757 0.736499 
0.184904 0.835337 
0.261168 0.784839 
0.207740 0.781599 
0.165953 0.846584 
0.269558 0.739910 
0.470639 0.781277 
0.231812 0.766506 
0.267899 0.745780 
0.174772 0.846167 
0.323517 0.739649 
0.195791 0.803521 
0.443054 0.755999 
0.201109 0.805669 
0.246563 0.748199 
0.189475 0.801122 
0.220120 0.771467 
0.273451 0.761695 
0.220093 0.761415 
0.215618 0.814002 
0.169558 0.839881 
0.181911 0.804149 
0.445476 0.757944 
0.315806 0.802038 
0.184751 0.807418 
0.208090 0.785541 
0.166657 0.873342 
0.333209 0.740666 
0.280574 0.747650 
0.220861 0.816249 
0.221137 0.803847 
0.175415 0.833077 
0.177837 0.851318 
0.484645 0.772223 
0.244077 0.766117 
0.305748 0.734159 
0.191740 0.837634 
0.356590 0.735522 
0.230079 0.776736 
0.276011 0.742448 
0.402488 0.748040 
0.333783 0.764917 
0.348356 0.784318 
0.245201 0.795711 
0.206411 0.787282 
0.208070 0.778298 
0.289941 0.736894 
0.410399 0.748580 
0.403335 0.767388 
0.376167 0.744939 
0.247061 0.780031 
0.162581 0.852862 
0.290007 0.750812 
0.205864 0.784870 
0.243549 0.757351 
0.241913 0.751805 
0.190132 0.830164 
0.274201 0.754050 
0.170961 0.864039 
0.233671 0.753199 
0.288617 0.748768 
0.252558 0.754090 
0.320043 0.768587 
0.406876 0.742998 
0.340598 0.753777 
0.165324 0.830702 
0.238674 0.794910 
0.304820 0.773508 
0.393585 0.742988 
0.251676 0.769848 
0.375783 0.740266 
0.191676 0.795262 
0.174407 0.851460 
0.321427 0.734366 
0.175019 0.812867 
0.176681 0.813945 
0.161608 0.857695 
0.349353 0.808700 
0.307392 0.783783 
0.208973 0.816567 
0.244168 0.769444 
0.301580 0.746193 
0.158684 0.848205 
0.267023 0.754595 
0.235283 0.796545 
0.379123 0.741960 
0.177507 0.822165 
0.273294 0.797296 
0.317287 0.735022 
0.274177 0.747747 
0.264621 0.741295 
0.403483 0.745521 
0.147004 0.852584 
0.195214 0.822544 
0.314257 0.755330 
0.483123 0.771878 
0.198164 0.815578 
0.383726 0.741433 
0.314903 0.786205 
0.292300 0.767401 
0.273348 0.757983 
0.228124 0.761607 
0.248937 0.771255 
0.280104 0.743376 
0.172660 0.854500 
0.155826 0.854025 
0.146962 0.871041 
0.401571 0.744571 
0.328441 0.766963 
0.150888 0.852326 
0.318712 0.766278 
0.210738 0.774646 
0.169246 0.850580 
0.243866 0.764143 
0.342628 0.739069 
0.336256 0.734012 
0.324171 0.779454 
0.165167 0.863869 
0.253186 0.805425 
0.215248 0.797859 
0.232336 0.765345 
0.353218 0.740445 
0.172796 0.830471 
0.165909 0.869306 
0.289251 0.736922 
0.221447 0.777748 
0.248754 0.771396 
0.184472 0.818033 
0.247806 0.750658 
0.382964 0.739630 
0.242239 0.756584 
0.244682 0.751431 
0.222831 0.769961 
0.304408 0.742926 
0.300221 0.737658 
0.321759 0.789478 
0.174994 0.854064 
0.166808 0.866699 
0.225036 0.813243 
0.200210 0.813797 
0.371647 0.773613 
0.239585 0.798719 
0.236660 0.761084 
0.307040 0.733983 
0.235845 0.807701 
0.373856 0.740174 
0.245593 0.752432 
0.296720 0.756546 
0.238293 0.796845 
0.210526 0.827685 
0.498426 0.777264 
0.368511 0.792345 
0.384789 0.742213 
0.292520 0.738669 
0.310393 0.736647 
0.294409 0.751748 
0.217662 0.766427 
0.155002 0.867861 
0.414640 0.749647 
0.391810 0.743802 
0.156229 0.856778 
0.164464 0.834856 
0.196285 0.806567 
0.341653 0.734772 
0.227779 0.769013 
0.161956 0.847635 
0.351093 0.797359 
0.414542 0.749805 
0.296653 0.777277 
0.156815 0.881394 
0.189109 0.814251 
0.231374 0.760512 
0.207400 0.809244 
0.346484 0.739376 
0.175589 0.842700 
0.197179 0.846389 
0.225934 0.802286 
0.236543 0.792977 
0.243518 0.818677 
0.180502 0.855981 
0.302536 0.732959 
0.315505 0.750260 
0.178954 0.836171 
0.408371 0.746807 
0.189169 0.812789 
0.247588 0.791973 
0.383622 0.755382 
0.252746 0.775780 
0.343154 0.757779 
0.240618 0.751165 
0.436287 0.755283 
0.269140 0.807136 
0.216985 0.769413 
0.223388 0.768510 
0.284183 0.738381 
0.272117 0.805470 
0.245032 0.752334 
0.289106 0.754203 
0.212908 0.778211 
0.215633 0.798810 
0.281998 0.790928 
0.199574 0.784476 
0.174990 0.857655 
0.289170 0.735681 
0.148756 0.868652 
0.489500 0.772192 
0.425945 0.748779 
0.314499 0.734375 
0.279950 0.739685 
0.414899 0.749957 
0.285900 0.783987 
0.209510 0.790091 
0.363102 0.804272 
0.268174 0.758993 
0.148392 0.889483 
0.228512 0.778053 
0.224587 0.764251 
0.347546 0.736916 
0.297954 0.756576 
0.241685 0.747912 
0.270942 0.781844 
0.201645 0.818873 
0.229338 0.757870 
0.232827 0.755721 
0.272696 0.740695 
0.382822 0.744032 
0.297754 0.736210 
0.264366 0.747144 
0.482350 0.772739 
0.189183 0.795532 
0.373506 0.758599 
0.179686 0.813612 
0.241775 0.756512 
0.378656 0.794230 
0.219264 0.804078 
0.249800 0.782332 
0.305352 0.737119 
0.241898 0.754389 
0.199501 0.786029 
0.234560 0.754147 
0.311097 0.809804 
0.143914 0.889417 
0.190310 0.798802 
0.268408 0.744508 
0.284771 0.760674 
0.305170 0.760161 
0.257662 0.789593 
0.280521 0.790457 
0.175119 0.836304 
0.289459 0.801257 
0.141261 0.884340 
0.221608 0.805376 
0.220621 0.810567 
0.303005 0.786624 
0.186910 0.825050 
0.205215 0.807327 
0.167809 0.872779 
0.204417 0.785948 
0.211144 0.772011 
0.346402 0.745377 
0.379167 0.742631 
0.223689 0.760077 
0.324046 0.766939 
0.213965 0.780756 
0.231198 0.793841 
0.495113 0.776685 
0.286622 0.759914 
0.224899 0.765297 
0.288875 0.739539 
0.213626 0.769915 
0.258790 0.754869 
0.239205 0.795808 
0.237362 0.758079 
0.262412 0.742788 
0.306868 0.795701 
0.357926 0.745114 
0.457181 0.763506 
0.245715 0.757093 
0.304806 0.734755 
0.398897 0.745242 
0.451504 0.759640 
0.246754 0.791162 
0.151531 0.856667 
0.310105 0.733915 
0.388117 0.761949 
0.143645 0.853868 
0.245312 0.790300 
0.289572 0.736966 
0.347020 0.735167 
0.297067 0.740227 
0.221029 0.792384 
0.332061 0.735721 
0.198367 0.786693 
0.155522 0.852006 
0.209564 0.793606 
0.260735 0.798954 
0.456258 0.764916 
0.224196 0.772835 
0.373235 0.741956 
0.176258 0.865396 
0.364566 0.743267 
0.438964 0.756891 
0.263147 0.750327 
0.158824 0.858210 
0.188616 0.838284 
0.373718 0.759204 
0.320843 0.765737 
0.233817 0.751445 
0.322998 0.748702 
0.218195 0.761288 
0.241605 0.750172 
0.287260 0.745999 
0.215156 0.776800 
0.334211 0.732467 
0.207940 0.780199 
0.289124 0.755740 
0.245041 0.803614 
0.319801 0.742123 
0.219613 0.776876 
0.158862 0.858691 
0.215770 0.774940 
0.155262 0.868193 
0.243188 0.752681 
0.434162 0.757035 
0.216884 0.788773 
0.226680 0.802793 
0.256342 0.748559 
0.234636 0.761628 
0.266335 0.741004 
0.150391 0.867166 
0.344099 0.736153 
0.384591 0.745623 
0.285009 0.736601 
0.425919 0.769467 
0.241567 0.767900 
0.314133 0.743605 
0.256239 0.743456 
0.276967 0.737925 
0.182482 0.805308 
0.237558 0.810569 
0.351666 0.737146 
0.418715 0.759109 
0.304717 0.740984 
0.236924 0.764625 
0.264742 0.775632 
0.205055 0.787160 
0.247621 0.755145 
0.152402 0.888275 
0.248405 0.773847 
0.235904 0.796939 
0.235377 0.762052 
0.283465 0.788097 
0.345473 0.737388 
0.208914 0.786909 
0.308776 0.781471 
0.240233 0.802039 
0.281012 0.802326 
0.230630 0.782492 
0.159415 0.871068 
0.295822 0.735330 
0.289225 0.775633 
0.270554 0.747694 
0.202749 0.802211 
0.266684 0.755582 
0.221680 0.812066 
0.236485 0.785408 
0.340495 0.738338 
0.263304 0.742761 
0.239873 0.807107 
0.271199 0.803862 
0.306453 0.746944 
0.323229 0.737323 
0.150767 0.850413 
0.281906 0.744033 
0.183111 0.825537 
0.375891 0.744505 
0.145197 0.883359 
0.250386 0.768630 
0.305309 0.737859 
0.227579 0.813925 
0.198411 0.788416 
0.276773 0.764961 
0.175247 0.835413 
0.243902 0.771317 
0.514612 0.791321 
0.286878 0.763522 
0.232399 0.799334 
0.458850 0.773352 
0.195616 0.788518 
0.175026 0.821213 
0.306392 0.749475 
0.253486 0.746955 
0.376259 0.742120 
0.240845 0.782766 
0.261862 0.766347 
0.463825 0.765656 
0.166208 0.831092 
0.233033 0.800254 
0.436626 0.755891 
0.282956 0.737738 
0.194710 0.795049 
0.205405 0.796483 
0.180477 0.870549 
0.329887 0.755578 
0.361278 0.742234 
0.372306 0.759851 
0.438759 0.758233 
0.225595 0.804397 
0.339953 0.770723 
0.334672 0.739622 
0.324355 0.734034 
0.493824 0.776297 
0.297556 0.734681 
0.388916 0.742186 
0.285083 0.759980 
0.246779 0.766016 
0.327218 0.772976 
0.241012 0.750870 
0.357099 0.763152 
0.216771 0.778194 
0.392041 0.743724 
0.292147 0.751808 
0.467104 0.765315 
0.204137 0.780379 
0.223827 0.764884 
0.202699 0.784053 
0.155671 0.857041 
0.355721 0.795328 
0.182838 0.853003 
0.151927 0.874893 
0.277345 0.739469 
0.193825 0.796484 
0.248698 0.766180 
0.205785 0.810562 
0.253080 0.751826 
0.251987 0.762354 
0.312882 0.734013 
0.172928 0.846250 
0.206157 0.803189 
0.190340 0.789399 
0.224055 0.775089 
0.281831 0.736207 
0.267188 0.742400 
0.382814 0.780550 
0.285518 0.750399 
0.310927 0.735123 
0.233647 0.797873 
0.245487 0.760820 
0.263020 0.741902 
0.222415 0.771612 
0.250185 0.753862 
0.378307 0.741909 
0.284371 0.793947 
0.290643 0.756477 
0.168253 0.841075 
0.267382 0.768590 
0.219669 0.783053 
0.310260 0.732169 
0.445724 0.759191 
0.322428 0.734087 
0.181670 0.812544 
0.167967 0.823876 
0.306057 0.767530 
0.194341 0.821766 
0.278431 0.800978 
0.291500 0.735511 
0.248989 0.751224 
0.238934 0.762470 
0.242882 0.809372 
0.378238 0.743660 
0.182489 0.846553 
0.400461 0.750684 
0.231470 0.802428 
0.257309 0.742644 
0.311396 0.733455 
0.210153 0.816746 
0.179675 0.808535 
0.202813 0.790820 
0.231131 0.756560 
0.218994 0.773922 
0.190046 0.809541 
0.312792 0.736432 
0.197231 0.810996 
0.237609 0.762560 
0.254567 0.765112 
0.160938 0.871171 
0.140718 0.887780 
0.274305 0.800450 
0.373427 0.738848 
0.221457 0.778147 
0.237345 0.761138 
0.233909 0.759914 
0.232123 0.760182 
0.268855 0.783407 
0.152403 0.868618 
0.197245 0.802965 
0.320745 0.734829 
0.223081 0.770449 
0.268910 0.744156 
0.357250 0.736748 
0.208961 0.776244 
0.194810 0.800009 
0.351153 0.793409 
0.253196 0.757824 
0.223738 0.768035 
0.214331 0.835102 
0.250333 0.767136 
0.221216 0.792003 
0.382831 0.742458 
0.184446 0.843517 
0.230584 0.758044 
0.196319 0.835186 
0.302320 0.747895 
0.177328 0.821035 
0.277265 0.751067 
0.482810 0.771738 
0.368617 0.749264 
0.304028 0.758040 
0.244135 0.749078 
0.291810 0.764145 
0.290775 0.735399 
0.297294 0.757207 
0.183808 0.817568 
0.218577 0.782867 
0.401962 0.786728 
0.281299 0.770366 
0.187815 0.799221 
0.290176 0.738559 
0.181169 0.812522 
0.158374 0.872680 
0.199825 0.792771 
0.243708 0.754618 
0.216578 0.811114 
0.199522 0.792812 
0.432997 0.759880 
0.203448 0.830971 
0.382583 0.744171 
0.177621 0.817273 
0.232920 0.767161 
0.342385 0.736819 
0.241579 0.831222 
0.227188 0.769926 
0.300695 0.760490 
0.363928 0.740298 
0.234410 0.798597 
0.292974 0.747831 
0.375773 0.777800 
0.203792 0.786438 
0.434158 0.753791 
0.218859 0.770229 
0.378726 0.740721 
0.229358 0.760633 
0.206221 0.795144 
0.215547 0.766933 
0.173260 0.854417 
0.511477 0.784406 
0.376619 0.742423 
0.204187 0.830494 
0.301712 0.789556 
0.216838 0.772944 
0.305486 0.740092 
0.554453 0.791927 
0.282509 0.746101 
0.240398 0.768755 
0.185224 0.820652 
0.190936 0.804595 
0.382395 0.743320 
0.180902 0.832167 
0.276023 0.773704 
0.257250 0.787437 
0.250069 0.747177 
0.407181 0.753521 
0.150798 0.864163 
0.176797 0.826144 
0.246510 0.760741 
0.323152 0.804110 
0.375489 0.740047 
0.306440 0.753410 
0.357753 0.736227 
0.206144 0.795157 
0.190212 0.794090 
0.487508 0.774783 
0.449593 0.761558 
0.373556 0.796770 
0.250829 0.810907 
0.307171 0.737781 
0.213583 0.789008 
0.181495 0.831692 
0.479252 0.769014 
0.337061 0.737152 
0.265707 0.740974 
0.260564 0.812332 
0.339400 0.812318 
0.258552 0.809419 
0.201945 0.786477 
0.183093 0.827615 
0.292632 0.740841 
0.245241 0.771689 
0.330388 0.739163 
0.317916 0.789027 
0.272842 0.784371 
0.150234 0.893353 
0.314316 0.748594 
0.322199 0.738190 
0.352072 0.733809 
0.285923 0.745702 
0.222708 0.777702 
0.160767 0.813066 
0.382682 0.743581 
0.355018 0.744784 
0.224049 0.772952 
0.414773 0.747983 
0.317623 0.733789 
0.239452 0.751408 
0.213025 0.812232 
0.266315 0.749422 
0.313250 0.734949 
0.287931 0.803244 
0.296473 0.792465 
0.174642 0.843576 
0.267672 0.755054 
0.231808 0.799381 
0.192393 0.803906 
0.251118 0.746670 
0.152777 0.880528 
0.245160 0.761722 
0.490420 0.774672 
0.204744 0.811061 
0.453272 0.759226 
0.140758 0.894245 
0.213466 0.774756 
0.297199 0.741484 
0.236075 0.756383 
0.494507 0.772815 
0.190625 0.806695 
0.172977 0.843215 
0.182044 0.813439 
0.429555 0.758217 
0.189591 0.811506 
0.278606 0.793356 
0.270137 0.762397 
0.328896 0.737572 
0.203612 0.833320 
0.270832 0.773489 
0.219661 0.781476 
0.205377 0.796801 
0.210939 0.813200 
0.182538 0.813738 
0.198632 0.806351 
0.263311 0.777694 
0.158538 0.862153 
0.353417 0.806050 
0.359611 0.749649 
0.261640 0.785805 
0.240381 0.804195 
0.271367 0.777978 
0.201292 0.819978 
0.152681 0.883516 
0.173810 0.837173 
0.271175 0.770237 
0.218054 0.769984 
0.208273 0.797079 
0.343653 0.747866 
0.284712 0.778681 
0.409787 0.765681 
0.218248 0.782897 
0.241754 0.762759 
0.313976 0.779811 
0.351302 0.737662 
0.188386 0.786765 
0.197678 0.793565 
0.221771 0.805077 
0.470456 0.769016 
0.175526 0.801099 
0.462545 0.758747 
0.340555 0.747958 
0.308227 0.795207 
0.198205 0.794372 
0.265649 0.758195 
0.301499 0.770033 
0.220894 0.814197 
0.393576 0.759707 
0.253899 0.743478 
0.225798 0.768543 
0.222694 0.765210 
0.250922 0.747122 
0.315337 0.734319 
0.206421 0.776522 
0.483437 0.771308 
0.264270 0.782064 
0.322957 0.734391 
0.183844 0.828686 
0.470404 0.777828 
0.295230 0.801164 
0.414290 0.747744 
0.320306 0.734802 
0.151197 0.858296 
0.287116 0.776549 
0.436827 0.759181 
0.382023 0.742468 
0.184807 0.814715 
0.234799 0.768723 
0.307771 0.764357 
0.191652 0.842684 
0.285881 0.804402 
0.229731 0.764033 
0.158098 0.869139 
0.441339 0.759727 
0.295018 0.790925 
0.174515 0.836234 
0.212890 0.780787 
0.276491 0.761190 
0.210293 0.779833 
0.230946 0.773754 
0.250247 0.771943 
0.284401 0.737436 
0.224165 0.804528 
0.278874 0.793727 
0.273563 0.745724 
0.221670 0.791277 
0.266679 0.743990 
0.219272 0.828862 
0.240709 0.754742 
0.362960 0.738425 
0.478209 0.782052 
0.230614 0.766408 
0.247058 0.809739 
0.190711 0.809132 
0.173013 0.838534 
0.295186 0.744005 
0.343744 0.735955 
0.355460 0.764044 
0.168234 0.824769 
0.293448 0.736695 
0.311530 0.742855 
0.283858 0.776131 
0.220352 0.785280 
0.306210 0.817799 
0.190400 0.814123 
0.181327 0.805829 
0.163008 0.863828 
0.261379 0.743043 
0.274155 0.750287 
0.209475 0.775705 
0.245395 0.777830 
0.217141 0.782048 
0.330198 0.751903 
0.199712 0.797567 
0.178051 0.841069 
0.280562 0.736866 
0.338166 0.751898 
0.197353 0.826289 
0.243249 0.799746 
0.203685 0.819745 
0.305019 0.777898 
0.442593 0.768953 
0.272800 0.756290 
0.217309 0.776970 
0.209911 0.824493 
0.348023 0.736193 
0.211717 0.808634 
0.239978 0.754707 
0.305426 0.759338 
0.204879 0.818253 
0.260293 0.758466 
0.201047 0.776831 
0.394001 0.743904 
0.347920 0.734357 
0.398853 0.771938 
0.290050 0.761909 
0.199517 0.798072 
0.167076 0.840683 
0.190848 0.837527 
0.309719 0.731646 
0.305117 0.765974 
0.215162 0.774559 
0.164785 0.855115 
0.313801 0.733235 
0.249600 0.761207 
0.221372 0.791590 
0.275942 0.741502 
0.182030 0.813970 
0.311007 0.744737 
0.218163 0.767521 
0.506782 0.782427 
0.204800 0.779896 
0.240568 0.751710 
0.191909 0.819802 
0.192876 0.835075 
0.186996 0.800180 
0.208094 0.782169 
0.367062 0.772021 
0.258896 0.782944 
0.390101 0.765613 
0.439346 0.756355 
0.304917 0.739149 
0.302888 0.774846 
0.494652 0.779335 
0.397042 0.744553 
0.204054 0.818319 
0.229670 0.782861 
0.230171 0.759761 
0.306510 0.733630 
0.143269 0.890058 
0.191846 0.806543 
0.260834 0.762953 
0.252096 0.761141 
0.251134 0.747300 
0.179436 0.819534 
0.233803 0.757965 
0.203655 0.780387 
0.181483 0.825933 
0.253542 0.759296 
0.203859 0.778954 
0.235732 0.793967 
0.293765 0.738201 
0.216789 0.816191 
0.219991 0.784202 
0.311812 0.734912 
0.294679 0.768935 
0.260724 0.755129 
0.399729 0.747066 
0.211015 0.786082 
0.334458 0.735674 
0.227563 0.784528 
0.225520 0.769144 
0.452599 0.761757 
0.256225 0.779804 
0.192746 0.842472 
0.408422 0.746602 
0.317404 0.753954 
0.169521 0.844037 
0.294976 0.757938 
0.329748 0.750316 
0.247165 0.796648 
0.407414 0.746597 
0.187571 0.827887 
0.248175 0.751905 
0.219037 0.808474 
0.187968 0.809662 
0.186345 0.823575 
0.217038 0.821889 
0.209912 0.814368 
0.187126 0.833522 
0.510927 0.777138 
0.220315 0.784869 
0.254814 0.766813 
0.203465 0.837413 
0.148821 0.894295 
0.349946 0.759617 
0.154037 0.870345 
0.207781 0.805615 
0.177683 0.819728 
0.276018 0.740238 
0.192566 0.808187 
0.331049 0.733891 
0.243807 0.787867 
0.288144 0.752437 
0.431304 0.755630 
0.330602 0.737931 
0.405911 0.746325 
0.270271 0.741831 
0.187781 0.798336 
0.193138 0.786757 
0.234065 0.788440 
0.389012 0.742823 
0.190878 0.826487 
0.177996 0.849227 
0.202007 0.807512 
0.255388 0.751399 
0.357433 0.736180 
0.309290 0.732347 
0.369179 0.744487 
0.212283 0.770282 
0.202792 0.819080 
0.373861 0.746638 
0.200881 0.819173 
0.270663 0.743035 
0.196220 0.793201 
0.277628 0.738175 
0.377078 0.746396 
0.326208 0.745285 
0.277731 0.741653 
0.169903 0.853663 
0.320546 0.784343 
0.251465 0.777970 
0.379263 0.740635 
0.208831 0.787050 
0.154791 0.848666 
0.189229 0.812538 
0.455068 0.775611 
0.239028 0.783340 
0.167915 0.839422 
0.159887 0.845483 
0.264390 0.747760 
0.258364 0.782072 
0.391284 0.758609 
0.281018 0.812160 
0.257010 0.744995 
0.263189 0.752280 
0.185889 0.814082 
0.262541 0.755025 
0.234006 0.755105 
0.217463 0.797186 
0.305384 0.741184 
0.189056 0.807886 
0.373097 0.741481 
0.255681 0.789313 
0.213267 0.778585 
0.189828 0.817395 
0.153919 0.858067 
0.201777 0.786103 
0.303268 0.781236 
0.253974 0.793455 
0.310950 0.738433 
0.436635 0.756114 
0.190983 0.826724 
0.230969 0.757237 
0.244429 0.747563 
0.320335 0.734121 
0.175445 0.814041 
0.207045 0.777407 
0.242031 0.765030 
0.214218 0.818379 
0.419461 0.752512 
0.202667 0.821021 
0.307122 0.785811 
0.258361 0.807419 
0.252992 0.752142 
0.253624 0.743785 
0.248971 0.745394 
0.180036 0.807435 
0.293401 0.743522 
0.323111 0.749149 
0.257302 0.745067 
0.214727 0.772371 
0.205086 0.813361 
0.329545 0.741882 
0.266372 0.788891 
0.511910 0.786984 
0.284119 0.736471 
0.199621 0.833111 
0.357066 0.739373 
0.202966 0.775768 
0.521575 0.783958 
0.255342 0.747872 
0.329324 0.734338 
0.231198 0.790253 
0.397084 0.746876 
0.476172 0.783840 
0.338048 0.737454 
0.271162 0.746298 
0.157867 0.846696 
0.406526 0.747242 
0.482327 0.767367 
0.366485 0.738430 
0.244101 0.752872 
0.420495 0.749446 
0.334613 0.734444 
0.332151 0.734219 
0.447982 0.759311 
0.300432 0.735467 
0.291797 0.733388 
0.303691 0.734491 
0.304623 0.733564 
0.302964 0.734445 
0.302335 0.733785 
0.301940 0.733395 
0.302825 0.733640 
0.302991 0.733964 
0.301343 0.734167 
0.295350 0.734306 
0.808500 0.912196 
0.128642 1.072210 
0.154621 0.985380 
0.139627 1.046172 
0.124434 1.118998 
0.133532 1.069629 
0.136774 1.019453 
0.138868 1.073179 
0.138658 1.083407 
0.126056 1.057729 
0.126518 1.086146 
0.133713 1.045337 
0.153674 1.027286 
0.140512 1.040448 
0.157540 1.028732 
0.109836 1.140052 
0.131065 1.058369 
0.132838 1.075643 
0.127412 1.137960 
0.140478 1.029760 
0.154174 1.014420 
0.144396 1.019714 
0.132733 1.098096 
0.124659 1.115617 
0.137366 1.026554 
0.126822 1.069809 
0.132778 1.040862 
0.131596 1.034258 
0.143892 1.041038 
0.145583 1.035814 
0.126237 1.095757 
0.125540 1.108887 
0.145873 0.994750 
0.119591 1.111409 
0.146544 1.018855 
0.144289 1.008441 
0.138639 1.092715 
0.141599 1.041813 
0.138621 1.047663 
0.130888 1.039880 
0.135510 1.090842 
0.150016 1.001833 
0.125672 1.102276 
0.118301 1.089855 
0.123163 1.115703 
0.136872 1.088544 
0.140413 1.067137 
0.121798 1.084749 
0.131972 1.086900 
0.118054 1.111414 
0.114964 1.132564 
0.080989 1.263881 
0.302685 0.733925 
0.329195 0.733985 
0.307977 0.733485 
0.302555 0.734074 
0.307518 0.733946 
0.330149 0.734026 
0.303118 0.733927 
0.307052 0.733715 
0.329264 0.733559 
0.301850 0.734108 
0.308523 0.733849 
0.330435 0.733642 
0.304057 0.734005 
0.309176 0.733515 
0.328927 0.733718 
