0.618691 1.118592 
0.582069 1.143055 
0.586444 1.164724 
0.739753 1.044901 
0.630123 1.105765 
0.579950 1.142815 
0.550961 1.171682 
0.512960 1.208765 
0.556602 1.164892 
0.667108 1.081169 
0.605181 1.125350 
0.550502 1.170272 
0.801921 1.024169 
0.552234 1.187742 
0.622600 1.109303 
0.653185 1.088182 
0.618150 1.111964 
0.745355 1.041762 
0.562328 1.157923 
0.620882 1.127417 
0.521884 1.196881 
0.751016 1.040692 
0.668321 1.078395 
0.772050 1.032475 
0.624185 1.106361 
0.764028 1.042679 
0.760892 1.034744 
0.824907 1.018589 
0.569682 1.150635 
0.818422 1.021049 
0.738233 1.044972 
0.563691 1.162500 
0.826714 1.017674 
0.645481 1.093483 
0.531850 1.188233 
0.613573 1.113867 
0.607040 1.118434 
0.552641 1.168415 
0.521550 1.200117 
0.681548 1.070730 
0.526160 1.195819 
0.817747 1.019811 
0.701727 1.060417 
0.755053 1.039246 
0.696375 1.062261 
0.509055 1.218732 
0.600284 1.173555 
0.851101 1.017205 
0.647540 1.091028 
0.612278 1.114701 
0.737326 1.044647 
0.585875 1.137080 
0.633015 1.099187 
0.729371 1.048689 
0.529115 1.191344 
0.756752 1.037690 
0.596160 1.127228 
0.856830 1.011894 
0.676790 1.073998 
0.851014 1.012524 
0.620955 1.110337 
0.617505 1.112930 
0.649425 1.090110 
0.810650 1.021180 
0.596383 1.125754 
0.875483 1.009401 
0.618137 1.111499 
0.830636 1.017337 
0.755446 1.037679 
0.887126 1.007890 
0.564874 1.155888 
0.603370 1.122595 
0.556119 1.162509 
0.531883 1.198355 
0.580357 1.144358 
0.715791 1.054147 
0.650623 1.089647 
0.605337 1.167877 
0.733374 1.046394 
0.577525 1.145492 
0.575797 1.143927 
0.562250 1.157630 
0.763249 1.037052 
0.708024 1.057371 
0.508369 1.216017 
0.613434 1.118156 
0.718343 1.052197 
0.722849 1.050146 
0.513897 1.207557 
0.580094 1.142634 
0.694222 1.064261 
0.661804 1.100742 
0.614621 1.148918 
0.656775 1.083680 
0.779104 1.030294 
0.766008 1.034520 
0.726573 1.054896 
0.615738 1.111661 
0.520915 1.200880 
0.784442 1.028439 
0.626632 1.104546 
0.537459 1.183676 
0.537317 1.187738 
0.648638 1.092611 
0.600119 1.159246 
0.780680 1.029521 
0.837830 1.015942 
0.688583 1.067320 
0.730544 1.048569 
0.568585 1.152506 
0.843421 1.014042 
0.743377 1.042129 
0.570794 1.150464 
0.806221 1.022471 
0.594993 1.129765 
0.509277 1.213319 
0.634808 1.098762 
0.815620 1.019845 
0.852394 1.012462 
0.739265 1.044334 
0.722509 1.050472 
0.567867 1.152265 
0.571842 1.149196 
0.752689 1.038875 
0.512296 1.209676 
0.610450 1.116609 
0.796574 1.025751 
0.553649 1.169025 
0.842258 1.014397 
0.575460 1.148438 
0.697916 1.062590 
0.864339 1.010365 
0.536351 1.183306 
0.719223 1.052287 
0.511714 1.213705 
0.825914 1.018162 
0.525240 1.196367 
0.828765 1.017232 
0.816631 1.020348 
0.553501 1.167763 
0.561324 1.164225 
0.561975 1.160487 
0.676678 1.072329 
0.720093 1.051559 
0.597475 1.154397 
0.634418 1.099338 
0.790953 1.027749 
0.869956 1.009326 
0.687455 1.068701 
0.508377 1.214457 
0.708079 1.057976 
0.726854 1.048166 
0.775697 1.032332 
0.695475 1.063400 
0.895287 1.006122 
0.604711 1.120589 
0.761521 1.035533 
0.694032 1.065285 
0.821352 1.018504 
0.579725 1.140621 
0.516255 1.205341 
0.541953 1.180412 
0.610384 1.128303 
0.546886 1.173198 
0.714410 1.055106 
0.583972 1.146061 
0.823258 1.017541 
0.584182 1.139789 
0.627223 1.103692 
0.818664 1.019694 
0.701926 1.062306 
0.516194 1.203988 
0.674325 1.074425 
0.851730 1.013007 
0.523150 1.200385 
0.710232 1.063710 
0.676914 1.075302 
0.679493 1.072397 
0.639741 1.095568 
0.808185 1.023581 
0.861551 1.011112 
0.654375 1.087057 
0.573194 1.147366 
0.655827 1.086565 
0.526961 1.193059 
0.704855 1.061119 
0.510619 1.212511 
0.625004 1.105714 
0.667231 1.078829 
0.715433 1.053717 
0.562085 1.158686 
0.508222 1.214106 
0.611739 1.114406 
0.748391 1.040719 
0.852726 1.013306 
0.576515 1.145294 
0.567562 1.153658 
0.778455 1.032346 
0.848001 1.013039 
0.826304 1.018184 
0.749920 1.041527 
0.846299 1.013316 
0.523087 1.198844 
0.568202 1.151890 
0.699909 1.060530 
0.660387 1.083606 
0.806521 1.023082 
0.530516 1.189420 
0.707162 1.060480 
0.731561 1.047147 
0.776421 1.030997 
0.626258 1.105390 
0.556315 1.183444 
0.685642 1.068379 
0.866140 1.012772 
0.687815 1.067352 
0.807650 1.022335 
0.816960 1.020408 
0.636226 1.099261 
0.776437 1.030741 
0.514808 1.205851 
0.583723 1.139243 
0.634648 1.099003 
0.657897 1.085325 
0.783826 1.029218 
0.643572 1.094512 
0.770651 1.033445 
0.748859 1.040613 
0.543866 1.178739 
0.560977 1.176693 
0.696278 1.065844 
0.783216 1.028912 
0.707452 1.068568 
0.545774 1.179206 
0.600201 1.124342 
0.646140 1.090672 
0.787907 1.027956 
0.583628 1.138055 
0.623686 1.107596 
0.685030 1.069442 
0.521773 1.199344 
0.518178 1.203564 
0.783093 1.029553 
0.522565 1.199526 
0.768296 1.033914 
0.525493 1.200618 
0.509433 1.213924 
0.526111 1.193265 
0.777606 1.030710 
0.563753 1.171936 
0.718034 1.062477 
0.676954 1.074049 
0.543908 1.175725 
0.641774 1.094972 
0.566450 1.153182 
0.631501 1.105789 
0.812293 1.021452 
0.798837 1.025179 
0.864692 1.011905 
0.751313 1.044020 
0.510556 1.211298 
0.506845 1.216265 
0.607145 1.120232 
0.876880 1.008567 
0.811990 1.021727 
0.780886 1.030165 
0.534369 1.187883 
0.626912 1.103961 
0.609029 1.116968 
0.516125 1.207543 
0.517799 1.202951 
0.505370 1.220502 
0.590726 1.132488 
0.659236 1.083896 
0.580804 1.155774 
0.720469 1.051684 
0.872205 1.008508 
0.868242 1.009100 
0.692216 1.066483 
0.595986 1.129142 
0.619148 1.152265 
0.663323 1.082216 
0.806848 1.022517 
0.826493 1.017718 
0.509450 1.212937 
0.533820 1.188986 
0.580485 1.144977 
0.797370 1.025655 
0.673103 1.076384 
0.521311 1.205452 
0.537708 1.182503 
0.766377 1.033789 
0.670595 1.079417 
0.853580 1.012370 
0.711871 1.056737 
0.636642 1.098396 
0.785003 1.028797 
0.855786 1.015151 
0.508217 1.214171 
0.782683 1.028779 
0.527570 1.194226 
0.547851 1.172464 
0.823665 1.017513 
0.612372 1.117085 
0.638370 1.096038 
0.544345 1.178612 
0.535818 1.187902 
0.637385 1.097257 
0.800905 1.023952 
0.753608 1.038387 
0.729640 1.055672 
0.825696 1.018075 
0.847453 1.013910 
0.590823 1.131955 
0.819670 1.018216 
0.625854 1.106553 
0.636255 1.097868 
0.638177 1.097307 
0.821605 1.019433 
0.642642 1.094432 
0.831376 1.017826 
0.775748 1.032358 
0.598190 1.134504 
0.800201 1.024408 
0.784661 1.028935 
0.596784 1.133295 
0.576817 1.144601 
0.546845 1.172337 
0.650495 1.089249 
0.517069 1.208849 
0.875776 1.009133 
0.763561 1.034929 
0.767330 1.035215 
0.637932 1.097390 
0.674694 1.074271 
0.803710 1.022024 
0.583834 1.139006 
0.789711 1.027718 
0.794950 1.025161 
0.519271 1.201291 
0.627770 1.104319 
0.760913 1.036948 
0.535269 1.185992 
0.788023 1.027813 
0.672039 1.075626 
0.584722 1.137393 
0.654075 1.086960 
0.688035 1.066913 
0.594938 1.130996 
0.740437 1.043704 
0.584828 1.136428 
0.565494 1.164583 
0.638446 1.096550 
0.565337 1.164094 
0.876260 1.008706 
0.668620 1.078301 
0.676083 1.074143 
0.569844 1.155570 
0.563907 1.157027 
0.660915 1.082736 
0.685320 1.068641 
0.784695 1.029605 
0.605491 1.118952 
0.668648 1.077469 
0.615334 1.118226 
0.583874 1.144181 
0.571812 1.149233 
0.600163 1.154679 
0.536987 1.183746 
0.617746 1.113111 
0.692360 1.067269 
0.826194 1.018160 
0.632847 1.155942 
0.646461 1.091313 
0.626358 1.106492 
0.543783 1.174727 
0.518143 1.205889 
0.630124 1.139116 
0.643417 1.092850 
0.594931 1.131404 
0.767846 1.034538 
0.831973 1.016582 
0.636492 1.099782 
0.729163 1.048225 
0.827659 1.017723 
0.525735 1.198000 
0.639484 1.098542 
0.728172 1.049753 
0.646300 1.090974 
0.822578 1.018796 
0.514057 1.207189 
0.679565 1.074315 
0.809470 1.021918 
0.645399 1.091809 
0.520812 1.198579 
0.536467 1.186142 
0.814521 1.021131 
0.706161 1.058178 
0.861776 1.011132 
0.767103 1.034947 
0.503063 1.220319 
0.574907 1.145809 
0.864128 1.010243 
0.777578 1.030827 
0.822138 1.020630 
0.805790 1.023734 
0.600008 1.126018 
0.747475 1.041726 
0.577640 1.146395 
0.584072 1.137936 
0.603198 1.122838 
0.854613 1.012494 
0.737934 1.046280 
0.872348 1.009362 
0.638074 1.115663 
0.581273 1.139658 
0.746306 1.041890 
0.592028 1.130831 
0.528189 1.192180 
0.597734 1.125951 
0.786298 1.030323 
0.661259 1.081960 
0.627720 1.105062 
0.745553 1.043288 
0.838674 1.015102 
0.648390 1.092150 
0.553061 1.170823 
0.619978 1.113102 
0.763683 1.035520 
0.805681 1.023359 
0.715094 1.054931 
0.668399 1.077723 
0.595655 1.128485 
0.659468 1.083713 
0.604573 1.120850 
0.529280 1.193436 
0.702741 1.059600 
0.601303 1.123964 
0.607958 1.118604 
0.743047 1.046347 
0.622730 1.107359 
0.604988 1.122016 
0.843323 1.019827 
0.866578 1.010240 
0.772286 1.031892 
0.522000 1.201104 
0.542494 1.178656 
0.616591 1.111284 
0.529436 1.192808 
0.645862 1.091238 
0.671768 1.075819 
0.757278 1.037236 
0.747547 1.041271 
0.634060 1.099182 
0.797302 1.025696 
0.540869 1.184184 
0.511601 1.210291 
0.648747 1.089306 
0.658144 1.085559 
0.754561 1.038377 
0.654087 1.086171 
0.545466 1.173467 
0.758532 1.036976 
0.604175 1.123428 
0.520453 1.204617 
0.516138 1.206049 
0.654137 1.085766 
0.723022 1.050487 
0.639509 1.095605 
0.537114 1.182018 
0.589005 1.134206 
0.811752 1.021428 
0.652473 1.087721 
0.576353 1.145195 
0.586629 1.135634 
0.636351 1.113157 
0.640600 1.098238 
0.538558 1.180716 
0.765210 1.035256 
0.568156 1.158887 
0.675275 1.073914 
0.525290 1.193294 
0.689479 1.066332 
0.548852 1.170561 
0.601858 1.124119 
0.542521 1.176522 
0.709489 1.056428 
0.542692 1.175369 
0.632777 1.102805 
0.511945 1.212265 
0.620984 1.117956 
0.869926 1.010165 
0.558113 1.161071 
0.613117 1.114139 
0.551011 1.168071 
0.760094 1.036754 
0.847530 1.014142 
0.853251 1.013627 
0.585167 1.138000 
0.729919 1.048404 
0.668406 1.112040 
0.673271 1.075558 
0.818790 1.019350 
0.840348 1.015810 
0.635151 1.099282 
0.754008 1.038091 
0.712375 1.055173 
0.522375 1.205441 
0.689582 1.065882 
0.623104 1.107711 
0.597228 1.127157 
0.721827 1.051542 
0.853303 1.012452 
0.630131 1.102066 
0.605930 1.119439 
0.566790 1.154838 
0.715410 1.053665 
0.519072 1.206097 
0.886453 1.007419 
0.516517 1.205379 
0.682482 1.074993 
0.649358 1.091541 
0.682030 1.071687 
0.689021 1.066302 
0.751018 1.041050 
0.625609 1.105021 
0.574359 1.146030 
0.733219 1.053894 
0.660861 1.083127 
0.587967 1.153571 
0.788145 1.026643 
0.817822 1.019525 
0.903240 1.005044 
0.661817 1.085527 
0.597973 1.126290 
0.602530 1.138420 
0.590299 1.133517 
0.692844 1.064353 
0.649705 1.088603 
0.544080 1.185065 
0.560646 1.162107 
0.900262 1.005496 
0.532929 1.188883 
0.669714 1.078686 
0.534470 1.188495 
0.566208 1.155004 
0.579145 1.142598 
0.590176 1.132170 
0.562803 1.170235 
0.526155 1.192565 
0.908180 1.006260 
0.659400 1.084033 
0.574088 1.147886 
0.747063 1.041039 
0.904003 1.005435 
0.699266 1.061941 
0.774860 1.030022 
0.801794 1.023597 
0.512781 1.208752 
0.792762 1.025869 
0.524108 1.196012 
0.729019 1.048186 
0.556075 1.176119 
0.571206 1.150410 
0.543637 1.191070 
0.621659 1.109133 
0.640754 1.116852 
0.734498 1.046785 
0.845722 1.014279 
0.807023 1.021997 
0.750663 1.039817 
0.698425 1.062253 
0.691488 1.068978 
0.574167 1.162047 
0.755310 1.038468 
0.551472 1.168213 
0.816821 1.020611 
0.664679 1.080733 
0.729115 1.048982 
0.828103 1.017322 
0.587249 1.137352 
0.731500 1.046477 
0.578940 1.148073 
0.747392 1.041685 
0.602407 1.123160 
0.775099 1.030914 
0.589908 1.142188 
0.625125 1.107537 
0.643087 1.097908 
0.519611 1.201325 
0.658086 1.084049 
0.520214 1.202971 
0.528254 1.192203 
0.595424 1.132534 
0.886391 1.006847 
0.554367 1.164668 
0.527898 1.192939 
0.765231 1.034912 
0.726008 1.049241 
0.536660 1.182707 
0.531650 1.200790 
0.590706 1.133389 
0.888718 1.007082 
0.670361 1.076778 
0.816544 1.019353 
0.605936 1.120159 
0.737858 1.045506 
0.738519 1.044043 
0.854033 1.012297 
0.739524 1.046153 
0.720574 1.051959 
0.770821 1.032672 
0.501916 1.221801 
0.603048 1.121906 
0.720382 1.052838 
0.555568 1.163869 
0.802325 1.023368 
0.732720 1.046426 
0.578490 1.141611 
0.602765 1.126789 
0.687854 1.070671 
0.528035 1.191048 
0.650071 1.101906 
0.506786 1.215684 
0.641042 1.094598 
0.563259 1.159140 
0.762756 1.036283 
0.773940 1.032380 
0.792377 1.026172 
0.620371 1.110154 
0.577669 1.146280 
0.511659 1.210491 
0.870214 1.009095 
0.531900 1.190670 
0.752752 1.042244 
0.775772 1.031248 
0.758206 1.037611 
0.559088 1.162061 
0.545117 1.174914 
0.676221 1.074096 
0.616965 1.110782 
0.592419 1.131718 
0.536674 1.182898 
0.588720 1.133287 
0.750077 1.049085 
0.589119 1.136369 
0.741179 1.043419 
0.896029 1.006906 
0.764638 1.034861 
0.540180 1.179143 
0.686048 1.068191 
0.727940 1.048413 
0.858567 1.011078 
0.537680 1.181406 
0.594059 1.129566 
0.866054 1.010126 
0.838773 1.015854 
0.792747 1.026930 
0.902651 1.005980 
0.713043 1.055692 
0.511368 1.209951 
0.708617 1.057090 
0.783064 1.029437 
0.726210 1.051494 
0.780000 1.029432 
0.518338 1.202892 
0.881875 1.007399 
0.586101 1.137244 
0.566904 1.156260 
0.584053 1.138219 
0.823941 1.019381 
0.564346 1.157387 
0.723771 1.051530 
0.557230 1.162343 
0.856658 1.011756 
0.532404 1.186738 
0.621122 1.108196 
0.864894 1.010372 
0.544907 1.188310 
0.735488 1.061736 
0.627450 1.148228 
0.653344 1.086089 
0.713449 1.055735 
0.549676 1.170898 
0.520908 1.199617 
0.597333 1.128672 
0.522341 1.202368 
0.621991 1.112525 
0.548714 1.172214 
0.660690 1.083369 
0.618962 1.111162 
0.550139 1.168927 
0.821406 1.018782 
0.766040 1.034426 
0.608047 1.119833 
0.551332 1.168113 
0.842782 1.015231 
0.544893 1.174802 
0.752500 1.039360 
0.815605 1.020676 
0.588391 1.135483 
0.553954 1.166279 
0.589018 1.143658 
0.746042 1.050165 
0.585524 1.137366 
0.568465 1.153008 
0.831847 1.016540 
0.566659 1.167095 
0.905097 1.004791 
0.597956 1.137308 
0.633243 1.098982 
0.590954 1.132090 
0.700481 1.061891 
0.628388 1.116179 
0.684290 1.069608 
0.865725 1.010038 
0.835475 1.015387 
0.553599 1.169303 
0.784052 1.029660 
0.763795 1.036462 
0.787442 1.027856 
0.754004 1.038571 
0.541389 1.179325 
0.621265 1.139472 
0.606806 1.121600 
0.594380 1.128924 
0.515263 1.205469 
0.514353 1.205904 
0.893802 1.007727 
0.561119 1.158593 
0.633622 1.100920 
0.515399 1.205873 
0.606619 1.125170 
0.819937 1.019482 
0.611986 1.142158 
0.532396 1.185573 
0.674963 1.075076 
0.833547 1.016214 
0.851078 1.012629 
0.719037 1.054751 
0.684397 1.070200 
0.625100 1.105494 
0.610222 1.117014 
0.874966 1.014849 
0.686880 1.067625 
0.641719 1.095376 
0.535731 1.186361 
0.576868 1.148250 
0.764492 1.035781 
0.658025 1.086343 
0.692274 1.090419 
0.532874 1.187520 
0.509915 1.214721 
0.750472 1.039819 
0.589800 1.131974 
0.512024 1.208353 
0.626356 1.105622 
0.799043 1.025901 
0.676896 1.073694 
0.845988 1.013929 
0.560304 1.160835 
0.847166 1.014397 
0.602714 1.138534 
0.730320 1.047938 
0.538916 1.180826 
0.724746 1.050223 
0.688296 1.067176 
0.776845 1.030825 
0.571450 1.151738 
0.609638 1.116766 
0.586747 1.136213 
0.735266 1.046244 
0.533874 1.188315 
0.876990 1.008401 
0.715363 1.054541 
0.519752 1.201784 
0.786042 1.027856 
0.793853 1.027038 
0.751168 1.039885 
0.665149 1.079667 
0.666047 1.080732 
0.654578 1.085700 
0.646155 1.093772 
0.764759 1.034492 
0.720497 1.053465 
0.556566 1.162201 
0.660092 1.088115 
0.522190 1.197318 
0.574464 1.147434 
0.621050 1.110925 
0.575664 1.144075 
0.618193 1.122796 
0.845313 1.012136 
0.701016 1.060575 
0.654978 1.086307 
0.770881 1.033287 
0.587406 1.137093 
0.638387 1.103427 
0.572395 1.149289 
0.565562 1.154638 
0.542330 1.177766 
0.784580 1.028792 
0.578425 1.142924 
0.547333 1.172926 
0.685928 1.078828 
0.890036 1.007050 
0.588615 1.136783 
0.706125 1.058730 
0.875586 1.009236 
0.791287 1.026811 
0.717967 1.053705 
0.712241 1.055943 
0.559352 1.161802 
0.613509 1.114543 
0.538834 1.180122 
0.546749 1.171515 
0.537906 1.181929 
0.524833 1.197388 
0.571419 1.148309 
0.650832 1.090479 
0.584087 1.144116 
0.641247 1.106934 
0.711259 1.068103 
0.818402 1.020367 
0.552470 1.168108 
0.543168 1.181343 
0.613771 1.122614 
0.875103 1.008821 
0.734048 1.048489 
0.659454 1.083192 
0.689905 1.066539 
0.840696 1.015108 
0.609053 1.164094 
0.724989 1.050268 
0.646344 1.091361 
0.798120 1.024878 
0.686824 1.068539 
0.639647 1.096112 
0.566317 1.155285 
0.530260 1.192491 
0.512353 1.209338 
0.580678 1.141190 
0.593927 1.129295 
0.735263 1.059448 
0.791074 1.026814 
0.703515 1.059115 
0.733728 1.045717 
0.670031 1.077420 
0.595174 1.146788 
0.608403 1.117329 
0.569528 1.150352 
0.509289 1.211180 
0.907879 1.005248 
0.530293 1.187543 
0.688023 1.067267 
0.664773 1.081583 
0.506981 1.215163 
0.826596 1.017942 
0.865821 1.010371 
0.679651 1.088206 
0.517009 1.203151 
0.903366 1.004895 
0.526017 1.193199 
0.552385 1.173695 
0.564810 1.155372 
0.538290 1.181927 
0.805547 1.024369 
0.578166 1.143203 
0.722714 1.050430 
0.583836 1.174200 
0.892309 1.008396 
0.702942 1.070606 
0.522327 1.198786 
0.650601 1.090143 
0.843114 1.014046 
0.551413 1.167041 
0.680614 1.072561 
0.595588 1.128809 
0.890641 1.006324 
0.660476 1.088691 
0.592370 1.130776 
0.774881 1.031401 
0.609317 1.159684 
0.864898 1.010184 
0.606194 1.155799 
0.862781 1.010944 
0.734020 1.045732 
0.576379 1.144024 
0.717979 1.052342 
0.717460 1.053647 
0.813274 1.020697 
0.601182 1.127711 
0.542300 1.186845 
0.517850 1.202994 
0.736007 1.046417 
0.596733 1.127043 
0.630649 1.101620 
0.665670 1.079785 
0.904061 1.005372 
0.772645 1.032914 
0.562376 1.158357 
0.616071 1.113693 
0.612727 1.114652 
0.537934 1.186464 
0.549181 1.172680 
0.806085 1.022448 
0.594401 1.128408 
0.708190 1.059760 
0.576818 1.144092 
0.597855 1.128499 
0.707356 1.057649 
0.596655 1.126623 
0.602225 1.124461 
0.525875 1.200554 
0.757973 1.038476 
0.628320 1.101821 
0.623216 1.108297 
0.556617 1.164426 
0.766546 1.034733 
0.579455 1.148986 
0.819007 1.019854 
0.589794 1.135211 
0.607989 1.117509 
0.865119 1.010838 
0.510957 1.212974 
0.768343 1.034457 
0.610745 1.118637 
0.693657 1.065080 
0.761320 1.035654 
0.685286 1.069407 
0.625157 1.105831 
0.670552 1.101496 
0.672855 1.097845 
0.594913 1.129993 
0.617941 1.111570 
0.756574 1.037306 
0.898388 1.005464 
0.519436 1.200874 
0.612036 1.116808 
0.842804 1.014551 
0.798749 1.024816 
0.875921 1.008540 
0.753378 1.039092 
0.726166 1.049677 
0.545809 1.175117 
0.710152 1.056222 
0.845496 1.014966 
0.626833 1.104104 
0.719876 1.051704 
0.652715 1.088197 
0.538116 1.181569 
0.636094 1.099678 
0.585055 1.140712 
0.627009 1.105534 
0.818590 1.018571 
0.552262 1.168662 
0.648361 1.089613 
0.772780 1.032515 
0.740099 1.042671 
0.525156 1.195721 
0.520826 1.200047 
0.576138 1.145789 
0.612748 1.121728 
0.769831 1.032868 
0.603024 1.126607 
0.510384 1.212118 
0.635136 1.108021 
0.906121 1.004542 
0.552100 1.169024 
0.522960 1.197959 
0.598841 1.127744 
0.831954 1.017271 
0.597614 1.127981 
0.596664 1.126985 
0.814085 1.020707 
0.588126 1.137536 
0.894470 1.006488 
0.823410 1.018052 
0.762992 1.035143 
0.528314 1.194613 
0.853594 1.012866 
0.645682 1.092966 
0.532302 1.186892 
0.529373 1.192205 
0.823078 1.019272 
0.569171 1.169976 
0.768812 1.035626 
0.665559 1.079243 
0.889899 1.006558 
0.847279 1.013927 
0.664709 1.079765 
0.733088 1.047210 
0.873214 1.008690 
0.803403 1.023259 
0.769448 1.033698 
0.796312 1.024023 
0.575630 1.145857 
0.523277 1.196628 
0.607177 1.121231 
0.536302 1.182697 
0.588653 1.133458 
0.508124 1.215226 
0.908605 1.004838 
0.866361 1.009478 
0.528158 1.192920 
0.781775 1.029500 
0.622905 1.107453 
0.559238 1.161097 
0.757895 1.037043 
0.583732 1.139355 
0.676054 1.075310 
0.578064 1.144311 
0.680355 1.071514 
0.765458 1.040258 
0.507606 1.215143 
0.816435 1.019486 
0.598639 1.125723 
0.776560 1.030388 
0.699383 1.062022 
0.705127 1.059029 
0.598065 1.125690 
0.750119 1.040315 
0.716978 1.053375 
0.528288 1.189740 
0.557330 1.166169 
0.659639 1.083392 
0.768179 1.034980 
0.899379 1.007115 
0.604158 1.121778 
0.665922 1.083991 
0.694646 1.064539 
0.900571 1.005946 
0.813454 1.020527 
0.548957 1.169713 
0.518760 1.202603 
0.541041 1.177454 
0.559327 1.163025 
0.738889 1.043954 
0.608930 1.116156 
0.849157 1.013872 
0.708313 1.058294 
0.760485 1.045274 
0.598232 1.127072 
0.516240 1.207114 
0.801392 1.023669 
0.884139 1.007166 
0.556643 1.162916 
0.663061 1.087189 
0.736371 1.046166 
0.875342 1.008529 
0.611862 1.136589 
0.751981 1.039126 
0.653294 1.088485 
0.807433 1.022529 
0.684498 1.101966 
0.730277 1.048187 
0.538288 1.180808 
0.687399 1.067157 
0.608292 1.118827 
0.536174 1.185209 
0.675372 1.075033 
0.520730 1.201238 
0.627447 1.106574 
0.727185 1.050113 
0.864926 1.009843 
0.609440 1.122683 
0.611485 1.115625 
0.795992 1.025789 
0.844095 1.014072 
0.621217 1.108907 
0.574536 1.148565 
0.630044 1.123413 
0.708849 1.074755 
0.768081 1.033909 
0.674552 1.074829 
0.770909 1.033080 
0.866605 1.011112 
0.766176 1.034266 
0.735168 1.046420 
0.562133 1.158497 
0.766472 1.034697 
0.774151 1.031500 
0.866708 1.009779 
0.795345 1.025304 
0.633523 1.101335 
0.649344 1.089529 
0.685418 1.070922 
0.656450 1.085998 
0.637151 1.097653 
0.614453 1.112498 
0.817437 1.020287 
0.735685 1.045011 
0.802873 1.023437 
0.800429 1.024536 
0.651559 1.087821 
0.550376 1.169865 
0.892834 1.006503 
0.812997 1.021567 
0.629411 1.103184 
0.588771 1.134589 
0.898482 1.005699 
0.666964 1.079543 
0.522975 1.196236 
0.753684 1.039506 
0.881943 1.012315 
0.629343 1.102827 
0.864905 1.010353 
0.755073 1.038463 
0.506691 1.217111 
0.698857 1.065399 
0.587702 1.135508 
0.861505 1.010763 
0.533098 1.187740 
0.763658 1.035707 
0.662149 1.082449 
0.517894 1.203771 
0.519273 1.201477 
0.611384 1.116055 
0.666811 1.080450 
0.647962 1.090153 
0.726651 1.049092 
0.514199 1.207399 
0.649025 1.091845 
0.806767 1.023338 
0.534614 1.185417 
0.544741 1.173793 
0.511788 1.209333 
0.768425 1.040899 
0.898958 1.005967 
0.588332 1.135872 
0.805285 1.022285 
0.866143 1.010859 
0.521070 1.199878 
0.571600 1.148334 
0.899373 1.006322 
0.504152 1.218558 
0.551391 1.169328 
0.547874 1.170993 
0.531716 1.188496 
0.666276 1.081220 
0.831593 1.017662 
0.799810 1.024589 
0.728541 1.048916 
0.627578 1.123773 
0.515282 1.208980 
0.736075 1.049138 
0.505925 1.217197 
0.607528 1.118749 
0.861935 1.010776 
0.872690 1.009783 
0.698993 1.065186 
0.579654 1.142129 
0.871134 1.009953 
0.870219 1.009820 
0.746038 1.041233 
0.793486 1.026642 
0.550156 1.171339 
0.713614 1.054331 
0.800636 1.023846 
0.819405 1.020263 
0.552560 1.166144 
0.552866 1.165680 
0.605998 1.119964 
0.672817 1.074712 
0.851721 1.014241 
0.509413 1.215453 
0.552333 1.174251 
0.765342 1.034855 
0.599780 1.132530 
0.832105 1.016507 
0.680588 1.072918 
0.724346 1.052024 
0.793126 1.025890 
0.575628 1.144657 
0.657492 1.086101 
0.537231 1.189692 
0.647912 1.090362 
0.510883 1.210660 
0.839920 1.015544 
0.749799 1.039775 
0.755580 1.038771 
0.714946 1.054687 
0.601137 1.123343 
0.588880 1.134211 
0.598704 1.125616 
0.505473 1.216910 
0.561043 1.158421 
0.569212 1.151046 
0.739230 1.043500 
0.635643 1.098235 
0.659669 1.086432 
0.872907 1.008813 
0.563846 1.158651 
0.778898 1.030115 
0.539916 1.177961 
0.781475 1.029992 
0.533553 1.188921 
0.731843 1.046574 
0.546047 1.174269 
0.782327 1.035278 
0.562243 1.159303 
0.800309 1.024043 
0.607606 1.120549 
0.826836 1.017786 
0.664394 1.080591 
0.809050 1.022737 
0.540032 1.180939 
0.569906 1.158839 
0.608473 1.117458 
0.665757 1.080669 
0.692481 1.064532 
0.789890 1.027127 
0.749870 1.039834 
0.567430 1.152093 
0.562488 1.161898 
0.868806 1.009485 
0.594782 1.131937 
0.511487 1.209463 
0.656271 1.087226 
0.844612 1.013984 
0.550196 1.168227 
0.562423 1.160157 
0.790096 1.027278 
0.691370 1.065618 
0.577389 1.143990 
0.852058 1.013480 
0.769596 1.035241 
0.622295 1.108804 
0.873072 1.009189 
0.747241 1.040694 
0.726095 1.052089 
0.655868 1.085014 
0.512698 1.208413 
0.688571 1.075335 
0.540497 1.190817 
0.543353 1.175190 
0.644390 1.099302 
0.628063 1.121168 
0.583970 1.137315 
0.548261 1.172201 
0.606095 1.119341 
0.903528 1.005932 
0.601206 1.144798 
0.597260 1.128494 
0.620641 1.161821 
0.572680 1.147335 
0.698955 1.063307 
0.612075 1.116079 
0.543116 1.176337 
0.650337 1.089935 
0.883979 1.007504 
0.831867 1.016956 
0.733676 1.046839 
0.560910 1.158068 
0.542988 1.174763 
0.621676 1.109520 
0.712637 1.055245 
0.672406 1.088674 
0.690947 1.065572 
0.728766 1.050938 
0.636123 1.100299 
0.661345 1.082600 
0.811069 1.023243 
0.853080 1.012200 
0.506458 1.217341 
0.799643 1.023929 
0.744337 1.053628 
0.746485 1.041791 
0.823104 1.018826 
0.624197 1.131251 
0.531440 1.189543 
0.608426 1.117524 
0.729483 1.048570 
0.862190 1.010892 
0.505963 1.216884 
0.644559 1.094265 
0.564239 1.156736 
0.589611 1.135769 
0.553943 1.166849 
0.669758 1.077752 
0.567398 1.153879 
0.599054 1.125276 
0.817291 1.020247 
0.530104 1.190510 
0.549638 1.184333 
0.722849 1.051954 
0.591576 1.133030 
0.623763 1.109052 
0.880054 1.008300 
0.564034 1.155952 
0.720755 1.054156 
0.755269 1.038725 
0.819654 1.018759 
0.584334 1.137213 
0.681870 1.079286 
0.632638 1.136376 
0.613329 1.113739 
0.765609 1.035025 
0.615525 1.113945 
0.724470 1.049471 
0.522325 1.196475 
0.725997 1.049212 
0.528504 1.191654 
0.526304 1.196889 
0.534423 1.184606 
0.587763 1.135522 
0.655525 1.085777 
0.713296 1.056239 
0.562792 1.158505 
0.651934 1.088702 
0.874633 1.007247 
0.675699 1.074565 
0.585197 1.137114 
0.887966 1.006506 
0.879750 1.007805 
0.630989 1.102608 
0.622354 1.106719 
0.553665 1.166479 
0.610892 1.115141 
0.507526 1.214758 
0.599361 1.126565 
0.598048 1.126368 
0.597344 1.128508 
0.812996 1.020919 
0.779487 1.030077 
0.543220 1.177986 
0.682853 1.069896 
0.831590 1.017046 
0.697381 1.064979 
0.857082 1.011375 
0.576067 1.146012 
0.511186 1.209720 
0.896340 1.006326 
0.757191 1.038194 
0.635980 1.104176 
0.640022 1.095396 
0.804372 1.023145 
0.558315 1.160827 
0.751666 1.040092 
0.646456 1.105340 
0.633429 1.101855 
0.555944 1.165761 
0.511252 1.210245 
0.728747 1.047753 
0.577576 1.143919 
0.540106 1.178015 
0.708861 1.057747 
0.566004 1.152323 
0.691748 1.068367 
0.704012 1.059484 
0.802472 1.023946 
0.518840 1.204767 
0.603783 1.120670 
0.697004 1.062692 
0.533165 1.186342 
0.740553 1.045257 
0.829335 1.017172 
0.900890 1.005671 
0.621329 1.107361 
0.605545 1.119861 
0.607375 1.122140 
0.545087 1.178282 
0.758251 1.037800 
0.807712 1.023360 
0.585437 1.137606 
0.567327 1.157882 
0.515776 1.204996 
0.666793 1.078810 
0.514312 1.206645 
0.658839 1.087417 
0.864937 1.010437 
0.631988 1.100681 
0.730788 1.047640 
0.865336 1.009967 
0.531401 1.201105 
0.678570 1.073444 
0.837582 1.014866 
0.672727 1.075352 
0.795333 1.025650 
0.572470 1.147387 
0.697452 1.061702 
0.860706 1.011668 
0.583655 1.138505 
0.575253 1.146637 
0.570023 1.153010 
0.520900 1.200739 
0.674345 1.074282 
0.551477 1.168745 
0.706908 1.059460 
0.620406 1.108453 
0.696872 1.063217 
0.512251 1.208011 
0.629895 1.116035 
0.782595 1.029443 
0.730540 1.046751 
0.503573 1.219805 
0.595421 1.129836 
0.811087 1.022893 
0.659050 1.085707 
0.648097 1.090388 
0.511019 1.210127 
0.660518 1.082469 
0.601944 1.122067 
0.626305 1.105910 
0.585525 1.138363 
0.847137 1.013965 
0.654026 1.089806 
0.503845 1.219168 
0.660005 1.088211 
0.786268 1.028653 
0.600503 1.125321 
0.862321 1.010534 
0.532013 1.194715 
0.625226 1.104708 
0.793286 1.026804 
0.841973 1.013929 
0.540855 1.180600 
0.870167 1.010396 
0.760173 1.036518 
0.575764 1.145736 
0.723823 1.052226 
0.596754 1.153851 
0.531705 1.187745 
0.584927 1.136687 
0.782843 1.029729 
0.633324 1.101865 
0.726442 1.050368 
0.545150 1.175996 
0.889221 1.007139 
0.599183 1.125030 
0.876542 1.008546 
0.808763 1.021809 
0.565480 1.155946 
0.571815 1.149261 
0.890714 1.006495 
0.661951 1.082389 
0.758509 1.037740 
0.534258 1.184930 
0.504693 1.219907 
0.555670 1.163740 
0.635442 1.098902 
0.563604 1.156936 
0.906239 1.005267 
0.623924 1.106772 
0.662075 1.081619 
0.652358 1.086470 
0.674319 1.074871 
0.719736 1.053321 
0.662036 1.085505 
0.606285 1.119960 
0.647291 1.091815 
0.531545 1.187535 
0.534468 1.185603 
0.892130 1.006191 
0.864478 1.011053 
0.582001 1.140251 
0.612152 1.121105 
0.589140 1.133095 
0.891028 1.006714 
0.699665 1.061384 
0.633756 1.103635 
0.833939 1.016390 
0.897603 1.005959 
0.571023 1.149693 
0.551787 1.167462 
0.733745 1.047142 
0.717277 1.052942 
0.867182 1.015185 
0.557479 1.161878 
0.571871 1.148983 
0.516653 1.203984 
0.745674 1.041694 
0.812414 1.022487 
0.785147 1.027809 
0.679388 1.072565 
0.623335 1.133419 
0.658406 1.084043 
0.562450 1.157341 
0.653191 1.107993 
0.595621 1.128080 
0.644572 1.092688 
0.879949 1.008902 
0.833304 1.017276 
0.875345 1.008803 
0.898278 1.006289 
0.872665 1.008981 
0.763294 1.035863 
0.674339 1.090126 
0.618839 1.110562 
0.581659 1.140293 
0.696963 1.062494 
0.813035 1.021353 
0.533650 1.186601 
0.729940 1.048992 
0.502638 1.220802 
0.839331 1.015754 
0.610280 1.117166 
0.612880 1.120312 
0.771242 1.033122 
0.815221 1.020991 
0.505683 1.217506 
0.799774 1.023592 
0.676819 1.073406 
0.853695 1.012600 
0.538467 1.189037 
0.583092 1.139531 
0.768351 1.034592 
0.807027 1.022657 
0.539691 1.180499 
0.710330 1.056046 
0.788934 1.027524 
0.652286 1.088527 
0.509281 1.214226 
0.814371 1.020688 
0.794030 1.025534 
0.705331 1.058740 
0.669570 1.078155 
0.726554 1.055363 
0.712014 1.055719 
0.570341 1.150862 
0.895540 1.006345 
0.796621 1.025111 
0.617255 1.112718 
0.615023 1.112141 
0.646919 1.095433 
0.645705 1.092233 
0.694261 1.064691 
0.528814 1.189994 
0.834884 1.016450 
0.743743 1.043485 
0.507818 1.213563 
0.735090 1.046067 
0.640353 1.094880 
0.590682 1.134479 
0.583771 1.137097 
0.548850 1.177177 
0.546411 1.174249 
0.693975 1.063134 
0.546358 1.173683 
0.508094 1.214664 
0.651634 1.087476 
0.571261 1.148362 
0.746641 1.041074 
0.573608 1.153753 
0.615989 1.111886 
0.766493 1.034212 
0.785502 1.029136 
0.757646 1.037198 
0.568438 1.150808 
0.536536 1.186608 
0.555553 1.164084 
0.890348 1.006905 
0.806754 1.022229 
0.523699 1.196492 
0.755590 1.038382 
0.719962 1.053632 
0.556871 1.174777 
0.532431 1.203095 
0.643593 1.109949 
0.852544 1.012481 
0.645665 1.097041 
0.854901 1.012092 
0.892726 1.006297 
0.669791 1.079300 
0.542028 1.177193 
0.523597 1.198011 
0.556779 1.166022 
0.719530 1.053598 
0.589185 1.133266 
0.534609 1.184642 
0.581481 1.139549 
0.531324 1.188875 
0.786947 1.027890 
0.584035 1.139288 
0.691169 1.072303 
0.730517 1.047367 
0.568866 1.155168 
0.641306 1.094272 
0.812082 1.038131 
0.818713 1.019311 
0.604759 1.149201 
0.779709 1.038264 
0.596979 1.128507 
0.641532 1.099156 
0.880987 1.008221 
0.707266 1.059188 
0.876669 1.008933 
0.885927 1.007449 
0.549278 1.172575 
0.570432 1.151538 
0.699524 1.061046 
0.662262 1.084236 
0.680869 1.071563 
0.513072 1.210506 
0.811426 1.021500 
0.652829 1.086945 
0.630228 1.106526 
0.527106 1.194143 
0.629849 1.114360 
0.702978 1.061695 
0.719804 1.053697 
0.581218 1.140279 
0.741497 1.044138 
0.569213 1.167234 
0.896097 1.006192 
0.769978 1.034187 
0.771989 1.032294 
0.665262 1.081344 
0.842075 1.014674 
0.577526 1.144434 
0.800891 1.023430 
0.534292 1.195234 
0.833798 1.016680 
0.739048 1.043098 
0.668446 1.077912 
0.736217 1.045385 
0.620307 1.109980 
0.559555 1.161549 
0.831962 1.017664 
0.667866 1.079825 
0.525905 1.196149 
0.729248 1.048228 
0.599692 1.124265 
0.646054 1.090428 
0.762990 1.036149 
0.589876 1.163541 
0.842098 1.014489 
0.712081 1.055653 
0.715966 1.055175 
0.593451 1.132079 
0.788185 1.027802 
0.682259 1.071407 
0.514120 1.210977 
0.543988 1.182420 
0.562224 1.156820 
0.524143 1.201388 
0.585643 1.137260 
0.769018 1.034502 
0.589134 1.133141 
0.653601 1.087197 
0.884118 1.007715 
0.654771 1.105760 
0.687809 1.067064 
0.772630 1.032157 
0.620842 1.108738 
0.608848 1.120613 
0.794499 1.025866 
0.733550 1.049814 
0.696504 1.064193 
0.860898 1.010681 
0.642477 1.094332 
0.593331 1.129919 
0.561800 1.163055 
0.543274 1.178291 
0.566562 1.155369 
0.761238 1.037029 
0.565637 1.157086 
0.683268 1.069828 
0.804088 1.023023 
0.576722 1.143707 
0.681335 1.071012 
0.888633 1.007630 
0.634912 1.100749 
0.668392 1.079603 
0.558199 1.163133 
0.835289 1.015481 
0.873647 1.010513 
0.686487 1.068326 
0.815820 1.019958 
0.531715 1.190233 
0.588673 1.134468 
0.574605 1.147372 
0.883887 1.007502 
0.614892 1.112900 
0.736682 1.044794 
0.539241 1.183675 
0.668774 1.080063 
0.669369 1.079152 
0.616206 1.111352 
0.815727 1.019921 
0.784985 1.029591 
0.811144 1.021644 
0.521242 1.200094 
0.748933 1.049718 
0.727268 1.049428 
0.756246 1.038759 
0.616926 1.112769 
0.644195 1.092828 
0.586962 1.137060 
0.629355 1.102405 
0.585697 1.137891 
0.852790 1.012690 
0.856904 1.011407 
0.595725 1.129430 
0.698706 1.061715 
0.596391 1.128943 
0.648737 1.089381 
0.769363 1.033927 
0.608407 1.118655 
0.730709 1.048208 
0.784307 1.027129 
0.889422 1.006395 
0.530138 1.189381 
0.586744 1.141890 
0.761318 1.036083 
0.821711 1.018865 
0.725706 1.049282 
0.886529 1.007303 
0.829263 1.017240 
0.568831 1.151017 
0.822827 1.027297 
0.786804 1.028358 
0.634883 1.098585 
0.553973 1.164575 
0.778292 1.030521 
0.564576 1.154723 
0.720168 1.051592 
0.542683 1.177635 
0.653395 1.130230 
0.879969 1.008618 
0.530729 1.193417 
0.751461 1.039364 
0.776721 1.031094 
0.533906 1.185915 
0.570266 1.155131 
0.528003 1.193750 
0.561667 1.159677 
0.535058 1.184553 
0.597880 1.126571 
0.724881 1.054828 
0.604749 1.120261 
0.627711 1.103407 
0.679521 1.072707 
0.506854 1.216059 
0.868659 1.009563 
0.550257 1.172575 
0.558803 1.160671 
0.683476 1.069135 
0.727829 1.048521 
0.864339 1.010318 
0.591794 1.140950 
0.755541 1.049781 
0.569625 1.151450 
0.629304 1.101356 
0.698884 1.063824 
0.659945 1.096071 
0.557930 1.162276 
0.545497 1.189056 
0.852215 1.013214 
0.549199 1.170126 
0.593654 1.129285 
0.667389 1.078910 
0.593151 1.129922 
0.509537 1.217008 
0.733054 1.047624 
0.833476 1.016860 
0.570379 1.148953 
0.812055 1.021246 
0.605691 1.119232 
0.727938 1.048291 
0.603342 1.122560 
0.876474 1.010780 
0.548256 1.172589 
0.739547 1.044883 
0.868652 1.009618 
0.594873 1.128266 
0.583016 1.139576 
0.584004 1.139200 
0.594580 1.140892 
0.536173 1.182818 
0.587215 1.134917 
0.733595 1.046544 
0.812971 1.021526 
0.584486 1.136512 
0.632138 1.101254 
0.784801 1.032735 
0.884127 1.007875 
0.605959 1.120113 
0.690903 1.065222 
0.698447 1.062658 
0.773287 1.032479 
0.833327 1.016267 
0.520837 1.200785 
0.703771 1.059142 
0.743895 1.042651 
0.578908 1.163391 
0.544642 1.175632 
0.827075 1.017808 
0.539582 1.191506 
0.624871 1.108626 
0.778166 1.030523 
0.559472 1.160326 
0.537029 1.181750 
0.703010 1.060374 
0.528127 1.190607 
0.893106 1.006925 
0.603509 1.121000 
0.547179 1.175947 
0.531732 1.187239 
0.872878 1.009371 
0.795813 1.027951 
0.775835 1.030423 
0.523296 1.196502 
0.735405 1.045600 
0.624742 1.106001 
0.571822 1.147931 
0.528482 1.190712 
0.689458 1.068134 
0.616422 1.111120 
0.569491 1.151661 
0.645287 1.092200 
0.540783 1.178379 
0.560483 1.159144 
0.523011 1.197328 
0.663411 1.080443 
0.537093 1.181930 
0.778326 1.030297 
0.611798 1.115646 
0.733308 1.052010 
0.634868 1.098622 
0.755154 1.039164 
0.590196 1.134336 
0.562788 1.156560 
0.585136 1.136763 
0.585703 1.136154 
0.800675 1.024261 
0.806671 1.022537 
0.569301 1.159050 
0.664835 1.081326 
0.534050 1.196449 
0.613789 1.112104 
0.584893 1.139035 
0.619950 1.114729 
0.784166 1.032643 
0.613127 1.113539 
0.647360 1.090813 
0.518469 1.203133 
0.905971 1.006089 
0.742361 1.042871 
0.605077 1.123506 
0.729585 1.048439 
0.718801 1.052094 
0.782677 1.029447 
0.627609 1.102898 
0.635698 1.098149 
0.633914 1.100375 
0.626377 1.107380 
0.623021 1.106896 
0.611973 1.114703 
0.766596 1.035020 
0.588057 1.133808 
0.770020 1.032954 
0.521809 1.204653 
0.612982 1.135351 
0.889974 1.006730 
0.523926 1.198191 
0.580141 1.144558 
0.682994 1.075343 
0.810854 1.021169 
0.794879 1.025734 
0.785351 1.028224 
0.529199 1.198700 
0.833724 1.018019 
0.869897 1.009354 
0.839905 1.015387 
0.642670 1.093994 
0.553117 1.166584 
0.567418 1.152078 
0.654588 1.087741 
0.579909 1.144130 
0.668741 1.094619 
0.686012 1.067202 
0.891683 1.007275 
0.727630 1.048921 
0.666035 1.085033 
0.771496 1.033755 
0.872339 1.009261 
0.762127 1.035879 
0.740986 1.043569 
0.757685 1.039388 
0.657815 1.086017 
0.617861 1.111168 
0.566006 1.153046 
0.557037 1.160773 
0.819744 1.019477 
0.709961 1.055841 
0.713877 1.056037 
0.649579 1.088492 
0.589176 1.133038 
0.506445 1.217404 
0.599527 1.126327 
0.837652 1.016061 
0.570945 1.155534 
0.798197 1.031422 
0.888898 1.008127 
0.739713 1.043674 
0.551240 1.171814 
0.750666 1.050349 
0.586637 1.142192 
0.636144 1.099009 
0.577769 1.143204 
0.551579 1.168457 
0.739435 1.043889 
0.795162 1.025863 
0.638604 1.105696 
0.627914 1.132691 
0.546886 1.171872 
0.517155 1.203883 
0.890398 1.006394 
0.841863 1.015186 
0.785524 1.027410 
0.657882 1.084289 
0.559368 1.164228 
0.870925 1.009834 
0.831152 1.016339 
0.639258 1.101505 
0.533341 1.185458 
0.650639 1.088412 
0.627363 1.135124 
0.506037 1.217373 
0.695208 1.067072 
0.660692 1.083463 
0.818785 1.019880 
0.730820 1.046794 
0.696903 1.062799 
0.707929 1.057170 
0.530884 1.189774 
0.610749 1.117148 
0.823811 1.017516 
0.645109 1.097083 
0.612925 1.148842 
0.572763 1.155575 
0.677427 1.096914 
0.775956 1.031834 
0.675422 1.074483 
0.524064 1.199132 
0.608352 1.118004 
0.778598 1.034293 
0.665840 1.079710 
0.539426 1.181672 
0.534979 1.184791 
0.601197 1.124375 
0.893083 1.006520 
0.715465 1.055713 
0.843329 1.013969 
0.588821 1.135993 
0.671809 1.107158 
0.661527 1.081987 
0.647245 1.091178 
0.819271 1.019531 
0.843442 1.014918 
0.649188 1.096754 
0.892359 1.007515 
0.659419 1.086973 
0.876692 1.008372 
0.656618 1.085283 
0.636876 1.119216 
0.511671 1.209766 
0.506455 1.219216 
0.622092 1.109003 
0.751981 1.040923 
0.559238 1.162070 
0.654915 1.086131 
0.801617 1.023869 
0.601522 1.126529 
0.649142 1.088110 
0.795167 1.025531 
0.691905 1.064825 
0.727961 1.049146 
0.533950 1.186652 
0.626452 1.106084 
0.563132 1.157624 
0.805999 1.023149 
0.625596 1.105302 
0.968656 1.010233 
0.975783 1.004402 
0.920444 1.017447 
0.987004 1.001369 
0.973263 1.001325 
0.959719 1.004173 
0.973298 1.006498 
1.000393 1.001338 
1.019767 1.000067 
1.010248 1.001120 
0.996785 1.001386 
0.980827 0.999870 
0.991904 1.000290 
0.995905 1.006926 
0.965522 1.001651 
1.011721 1.002402 
0.991626 1.001173 
0.973276 1.005994 
0.981040 1.000595 
0.993226 1.002214 
0.991398 1.000058 
0.991394 1.003339 
0.989938 1.000233 
0.984045 1.000978 
0.999454 1.000548 
0.942718 1.017611 
1.015840 1.000425 
1.002546 0.999779 
0.974006 0.999801 
0.984916 1.003622 
1.024968 1.000277 
1.004195 1.002644 
1.022841 1.000115 
0.974129 1.007413 
0.994369 1.000364 
0.977040 1.004527 
0.985617 1.004483 
1.034166 1.000007 
0.967755 0.999952 
0.991982 1.006346 
0.998561 1.000762 
0.997415 1.000120 
1.001555 1.000220 
1.004300 0.999954 
0.976145 1.002499 
0.960553 1.007478 
0.968688 1.001647 
1.012358 1.002107 
0.983854 0.999965 
0.969574 0.999875 
1.013147 0.999877 
0.976788 1.005110 
0.993276 1.000263 
0.946686 1.006796 
1.001300 1.000875 
0.992346 1.000852 
1.013007 1.001026 
1.005540 1.000102 
0.972861 1.000323 
0.994065 0.999671 
0.980367 1.005795 
0.980762 1.009977 
1.012781 1.001310 
0.992174 0.999961 
1.008875 1.000859 
1.005059 0.999861 
0.980091 1.000633 
1.008220 1.000091 
1.006404 1.000077 
1.018076 1.000433 
0.988350 1.003338 
0.969142 1.005340 
0.993544 0.999879 
0.987939 1.000272 
0.960638 1.007548 
1.013250 1.000031 
0.994559 1.001449 
0.962778 1.000708 
0.974192 1.000419 
1.004911 0.999920 
0.990739 1.000105 
0.997317 1.000142 
0.986477 1.001834 
0.952546 1.011606 
0.982588 1.000967 
0.987792 1.005678 
0.963775 1.006764 
0.989761 1.001506 
0.940836 1.012943 
1.023566 0.999997 
0.972135 1.005303 
1.008502 1.000207 
0.989887 1.000689 
0.989822 0.999928 
1.029176 1.000098 
1.001347 1.000243 
1.002116 1.000284 
0.935673 1.014208 
0.971256 1.000000 
0.991478 1.000031 
0.971334 1.004712 
0.974680 1.000734 
1.002904 1.001006 
0.986790 1.002416 
1.015354 1.000037 
1.020025 1.000095 
1.003094 1.000076 
1.007451 1.000000 
0.995723 1.001464 
1.002156 1.000056 
0.929248 1.007248 
0.983778 1.000870 
0.982339 1.000469 
0.966259 1.003041 
0.994231 1.000159 
0.978381 1.000647 
0.969445 1.007570 
0.971710 1.012584 
0.979511 0.999970 
0.985915 1.000890 
1.001803 1.000016 
0.998834 0.999728 
0.978684 1.002719 
0.997458 1.000477 
0.987714 1.000312 
0.993804 1.000041 
0.978312 1.006445 
1.007153 0.999546 
1.027238 1.000501 
1.009063 1.000040 
0.955947 1.008434 
0.966759 1.013619 
1.010335 1.000650 
1.013557 1.000538 
1.009557 1.000308 
0.995900 1.000021 
0.980992 1.003154 
1.014353 1.000102 
0.993024 1.000024 
0.992664 1.000059 
1.014520 1.000117 
0.945534 1.016735 
0.964538 1.005857 
0.980431 1.000288 
1.030157 1.000039 
1.004419 1.000245 
0.987898 1.001287 
0.987863 1.000110 
1.004129 1.000350 
0.986872 0.999988 
1.017549 1.000121 
0.943345 1.006714 
0.994737 1.001366 
0.991458 1.001850 
0.962212 1.007100 
0.977113 1.000287 
0.991116 1.000374 
0.979378 1.002481 
0.961271 1.004546 
0.999976 1.000029 
1.017967 1.003249 
1.000449 1.001065 
0.956714 1.004686 
1.003215 0.999842 
0.997402 1.001528 
1.005546 1.000075 
1.008878 1.000742 
1.004689 1.000138 
0.971276 1.004805 
0.993478 1.001306 
0.975511 1.001871 
0.989367 0.999772 
0.994961 1.000075 
1.008423 1.000039 
1.006239 1.000251 
1.006782 1.000192 
1.001036 1.000867 
0.999915 1.000149 
0.995460 1.002468 
0.972426 1.000727 
0.965775 1.004627 
1.005838 1.000477 
0.971804 1.007567 
0.987525 0.999829 
0.947552 1.015891 
1.009249 0.999850 
1.003302 1.001000 
0.994912 1.000019 
0.971523 1.002603 
0.947838 1.004964 
1.008158 1.000044 
1.003276 1.000120 
0.975270 1.000112 
0.970442 1.003148 
1.010140 1.000517 
0.956660 1.007322 
0.980829 1.000261 
0.995409 0.999922 
1.010101 1.000311 
0.997686 0.999870 
0.985008 1.000036 
0.990481 1.004734 
1.005718 1.000086 
0.982751 1.000618 
0.971447 0.999953 
0.994370 1.000124 
0.941085 1.011042 
0.984929 1.000202 
1.005723 1.000763 
1.010405 1.000555 
1.015075 1.000173 
1.010510 1.000079 
0.979769 1.004972 
1.000204 1.000595 
0.985985 1.000812 
1.016048 0.999991 
0.996441 1.000182 
0.978009 1.000471 
1.019760 1.000099 
0.976929 1.004628 
0.985594 1.000130 
1.011303 1.000211 
0.972089 1.000124 
0.974645 1.001875 
0.989800 1.001395 
0.999872 1.000646 
0.979138 1.000888 
1.009893 1.001173 
0.982654 1.003529 
0.983883 1.001171 
1.002018 0.999803 
0.988555 1.004776 
0.988827 1.000025 
0.994713 1.003514 
0.929702 1.014612 
1.025009 1.000126 
0.952728 1.011988 
1.013335 0.999871 
0.998622 1.002906 
0.971554 0.999827 
0.997888 1.000138 
1.002807 1.000051 
1.008707 1.001296 
1.007513 1.001235 
0.998451 0.999796 
0.994078 1.000627 
0.983325 0.999984 
0.937844 1.015829 
0.998423 0.999941 
0.993575 1.000243 
0.974823 1.006358 
0.955598 1.010638 
0.932985 1.010283 
1.005013 1.000006 
0.992545 1.000650 
0.989215 1.000951 
0.981945 1.000853 
1.010192 1.000075 
1.002551 0.999901 
0.995318 1.000137 
0.991116 1.000043 
0.996873 1.000321 
0.972558 1.000148 
0.919097 1.016252 
1.003658 1.000158 
1.020707 0.999964 
0.968464 1.001695 
0.986408 1.000549 
1.011494 1.001440 
1.009336 1.000083 
0.984899 1.000286 
1.009023 1.000782 
0.968130 1.000070 
0.937482 1.009665 
1.009329 0.999993 
0.989218 1.000598 
1.017689 1.000114 
0.948768 1.009804 
1.003187 1.001021 
1.008491 1.000031 
1.000147 1.000746 
1.003797 1.000066 
0.997580 1.000538 
1.005926 0.999989 
0.982677 1.001024 
1.003101 0.999946 
0.965917 1.007499 
0.973323 1.000178 
0.946941 1.013288 
1.013102 1.000146 
1.004674 0.999974 
0.990322 1.006566 
0.985179 1.005253 
0.945909 1.009067 
1.022318 1.001613 
0.957382 1.009301 
0.995627 1.008120 
1.003621 1.000364 
1.006709 1.000146 
0.980665 1.000556 
0.946715 1.004966 
0.980747 1.002531 
0.979980 1.009934 
1.002800 1.000601 
0.991690 0.999389 
0.984003 1.002265 
1.001222 1.002775 
0.982537 1.000836 
0.989933 1.000190 
1.002489 1.000021 
1.020743 0.999833 
0.987494 0.999824 
0.973270 1.000042 
0.989280 1.003298 
0.944852 1.017769 
1.004182 1.001088 
1.018840 1.001056 
1.013053 1.001161 
0.997987 0.999837 
1.014636 1.005078 
0.986235 1.000550 
0.999448 1.000131 
0.990582 1.000521 
0.987822 1.002301 
0.998758 0.999884 
0.951626 1.011549 
1.011012 1.000362 
0.968411 1.008278 
0.979327 1.003738 
0.987881 1.001842 
0.985787 1.004200 
0.998946 1.000168 
0.953928 1.010928 
0.959180 1.014031 
1.012539 1.000005 
1.015309 1.000803 
0.990168 1.002583 
0.995405 1.001533 
1.006712 1.000174 
1.010005 1.000052 
0.988284 1.000771 
1.024313 1.000052 
0.995172 1.000549 
0.992419 1.000149 
1.013205 1.000179 
0.988796 1.002552 
0.973884 1.005557 
0.934610 1.017180 
0.993946 0.999966 
0.988871 1.005029 
0.971949 1.006134 
1.013263 0.999990 
0.984460 1.001910 
1.003438 1.000156 
0.955050 1.004680 
0.996694 1.000156 
0.985138 1.000128 
1.004373 0.999974 
0.964044 1.009278 
0.972555 1.000426 
1.000667 1.000060 
0.999234 1.000046 
0.993172 1.000540 
0.968674 1.005412 
1.013397 1.000113 
0.962713 1.000917 
1.006651 1.000133 
0.993547 0.999953 
0.995733 0.999975 
0.956516 1.004732 
0.993452 1.000759 
1.005353 1.000244 
1.001249 1.000133 
1.004966 1.000006 
0.999863 1.000046 
0.996196 1.000249 
0.986851 1.007568 
0.979368 0.999952 
0.975478 1.003213 
1.006397 1.000085 
0.995960 1.001402 
0.957372 1.006184 
0.948061 1.007169 
0.987529 1.002810 
0.983125 0.999992 
0.971155 1.000073 
0.964428 1.000725 
1.002708 0.999849 
1.009056 1.000690 
1.013369 0.999912 
1.027734 1.000231 
1.015655 0.999879 
0.970739 1.000852 
0.991661 1.000196 
0.994500 0.999911 
1.006801 1.000059 
0.990994 1.000588 
1.007313 1.000107 
0.977868 1.008584 
0.980540 1.001944 
0.981783 1.000923 
1.006198 1.001412 
0.992564 1.000202 
1.001194 0.999962 
0.980964 1.002208 
0.975284 0.999982 
1.005399 1.003162 
0.998408 1.000205 
1.010789 1.000876 
0.973117 1.006568 
1.000533 0.999828 
0.987088 1.000122 
0.977626 1.000169 
0.994931 1.000045 
0.962833 1.019140 
1.015424 1.000683 
0.981180 0.999847 
1.014841 1.002346 
1.005148 0.999775 
0.986028 0.999950 
0.998479 0.999984 
0.962774 1.009177 
0.990857 0.999866 
1.014602 1.000189 
0.986942 1.003400 
0.954329 1.011153 
0.964094 1.002975 
1.005592 0.999994 
0.963873 1.001037 
1.003241 1.000143 
0.999206 1.000312 
1.003787 1.000515 
0.977408 1.002453 
0.984263 1.003476 
1.006241 1.001059 
0.976221 1.006883 
0.931375 1.010111 
0.977655 1.006342 
0.996220 1.000692 
1.002745 1.000323 
0.936132 1.008672 
0.976445 1.015103 
1.019119 1.002185 
0.977226 1.002363 
1.005757 1.000073 
0.971774 1.004252 
0.984900 1.002503 
0.976557 1.001231 
1.001180 1.000284 
0.940494 1.008157 
0.977678 1.003706 
0.992030 1.000001 
0.996844 1.000798 
0.994316 1.000420 
0.967782 1.009729 
1.010136 0.999974 
0.991792 1.001315 
0.999532 0.999919 
0.995719 0.999905 
0.963132 1.006713 
0.977198 0.999982 
1.009308 1.002169 
1.001144 0.999777 
0.994666 1.000772 
0.999758 1.000043 
0.967373 1.007983 
0.990659 1.000249 
0.999361 1.008668 
0.997160 1.001336 
0.977677 1.001177 
1.003738 1.001333 
0.996082 1.001557 
1.017482 1.000222 
1.004614 1.001881 
0.973328 1.009117 
0.997653 1.002086 
0.998976 1.000000 
0.946012 1.015271 
1.005435 1.000404 
0.967228 1.019590 
1.002765 1.001807 
0.955539 1.001687 
0.988874 1.006281 
0.987747 1.000771 
0.981516 1.003464 
1.010443 1.000015 
0.985187 1.000562 
1.019311 0.999913 
0.992725 1.000060 
0.986685 1.000119 
0.961070 1.008541 
0.979127 1.005810 
1.017428 1.000150 
0.991554 1.000037 
1.002446 1.000120 
0.970290 1.004494 
0.993810 1.000194 
0.998956 1.000066 
0.991269 1.000018 
1.019807 0.999990 
1.002977 1.000405 
0.998876 1.000056 
0.999836 1.001330 
1.002798 1.000056 
0.980674 1.000076 
1.001324 0.999897 
1.016031 1.005334 
0.974603 1.001568 
0.996948 1.001783 
1.006275 1.000947 
0.998944 0.999975 
1.006339 1.000334 
1.007508 1.000256 
0.996172 1.000469 
0.989603 1.002027 
0.956594 1.003804 
0.984570 0.999927 
0.999510 1.000320 
0.985498 1.000813 
0.992688 1.004153 
0.955635 1.006135 
0.993638 0.999951 
0.972076 1.000414 
1.001665 1.000115 
0.989900 1.000146 
0.991180 1.000783 
0.998594 1.000116 
1.001622 1.000031 
0.985382 1.000042 
0.987423 0.999975 
0.990509 1.000244 
0.999580 1.000214 
0.989261 1.000425 
1.000368 1.001203 
1.000078 1.000588 
0.964133 1.004411 
1.001751 0.999682 
1.002114 1.000949 
0.992820 1.000664 
0.998474 1.000985 
1.002835 1.000154 
0.990144 1.000087 
1.002098 0.999800 
1.008288 0.999991 
1.005844 1.003634 
1.006066 1.000336 
0.996127 1.000095 
0.973969 1.006329 
1.004351 0.999868 
0.976580 1.001982 
0.970530 0.999989 
0.962209 1.005328 
0.991880 1.000149 
0.987062 1.000330 
1.009263 0.999696 
1.003740 0.999868 
1.000674 1.001649 
0.975113 1.000034 
0.998872 1.000092 
0.985575 1.000889 
0.994257 1.000280 
1.006483 1.000376 
0.989140 0.999866 
0.999342 1.000145 
0.975066 1.007432 
1.020300 1.000135 
0.997848 1.002452 
1.013939 1.000310 
0.974773 0.999885 
1.021413 1.000163 
0.994668 0.999835 
0.996245 1.000862 
1.007844 1.000239 
0.994723 1.003250 
1.004053 0.999825 
1.009356 1.000074 
0.976779 1.001950 
0.983907 1.000166 
0.999096 0.999888 
1.003487 1.003664 
0.964768 1.008839 
1.004398 1.000106 
0.969818 0.999975 
0.988450 1.000298 
0.990403 0.999954 
1.002282 1.000132 
0.990882 0.999964 
0.991774 1.002900 
0.960768 1.008322 
1.020073 1.000364 
1.001005 0.999946 
1.006264 0.999830 
1.005014 0.999884 
1.017374 1.000304 
0.980526 1.000466 
1.029691 0.999902 
0.936558 1.020789 
0.976206 1.007348 
0.986687 1.000625 
0.993506 1.000633 
0.997299 1.000027 
1.004417 1.000073 
0.930597 1.013880 
0.980549 1.001054 
1.020122 1.000174 
0.992078 0.999888 
0.987339 1.002563 
0.989537 1.001187 
0.996632 1.002581 
0.987201 0.999934 
0.996175 1.000015 
0.998874 1.002665 
1.000369 1.000791 
0.987543 1.000000 
0.985086 1.000522 
1.016395 1.000240 
0.998878 1.000035 
0.982279 1.001480 
0.987063 1.001826 
0.954061 1.005225 
0.964219 1.008494 
0.932099 1.012231 
0.941966 1.010622 
0.936960 1.010965 
1.003434 1.001962 
0.983063 1.000862 
1.000829 1.000080 
1.010470 1.000394 
1.006502 1.000166 
1.010464 0.999834 
1.006407 0.999938 
0.978303 1.007388 
0.998178 1.000212 
0.983245 1.001122 
0.987737 1.000378 
0.957949 1.007241 
0.995801 1.000075 
1.001916 1.000594 
0.982930 1.008731 
1.006701 1.000299 
0.996643 1.000224 
0.989640 0.999928 
0.975285 1.001119 
0.989658 0.999999 
1.008568 1.000152 
0.992930 1.000118 
0.960385 1.000797 
0.952832 1.008699 
0.994214 1.000375 
1.001835 1.000702 
1.006070 0.999987 
0.971218 1.000866 
0.996732 1.000492 
0.975475 1.001215 
1.012828 1.000257 
0.986897 0.999812 
1.009362 1.000568 
0.987658 1.000261 
0.993575 1.000079 
1.003685 1.000397 
0.960088 1.005412 
1.005715 1.000015 
1.013943 0.999853 
0.976446 1.000827 
0.995286 0.999948 
1.020857 1.000465 
0.992933 1.000139 
0.971214 1.006365 
0.968606 1.004940 
0.985766 1.000972 
0.996803 1.000364 
0.993510 1.002800 
0.979004 1.000515 
0.999378 0.999962 
0.952413 1.015173 
1.001833 1.000103 
0.987231 1.000309 
0.995144 1.000055 
0.973587 1.009474 
1.014346 1.000634 
0.994440 1.000051 
0.992770 1.000821 
0.987210 1.000253 
0.975648 1.003343 
0.929319 1.010308 
0.984432 1.000210 
0.995747 1.000486 
0.973512 1.001285 
1.005754 1.000182 
0.936588 1.011529 
0.931086 1.009145 
0.998110 0.999704 
0.986867 1.000213 
0.989990 1.001179 
1.012863 1.000094 
0.998874 0.999960 
1.006863 1.000452 
0.972819 1.007704 
0.990420 1.000030 
0.997736 1.000276 
0.992394 0.999875 
1.001749 1.001116 
1.001092 0.999836 
1.003413 1.000690 
0.993737 0.999892 
0.978375 1.002519 
0.988984 1.000020 
1.011466 0.999977 
0.989799 0.999924 
1.001150 0.999789 
0.971309 1.003927 
1.002732 0.999927 
1.012382 1.000043 
0.995068 1.000338 
0.949088 1.012064 
0.998930 1.000560 
0.993220 1.000230 
1.009206 0.999802 
0.991360 1.001722 
0.991768 0.999389 
0.993274 1.000847 
0.988488 1.000835 
0.991900 1.000838 
0.993376 1.000800 
0.992733 1.000733 
0.994134 1.000290 
0.993527 1.000507 
0.996765 1.000844 
0.996859 1.000375 
0.988050 1.000767 
0.992692 1.000574 
0.995942 1.000685 
0.992943 1.000824 
0.993606 1.000422 
0.996675 1.000642 
0.996702 1.000460 
0.996800 1.000072 
0.990642 1.000208 
0.996875 1.000088 
1.000449 1.000107 
0.999558 1.000166 
