1882.295710 0.797795 
892.633904 0.775826 
596.117167 0.752418 
2389.044422 0.859950 
298.747300 0.811687 
931.142543 0.776619 
4727.252581 0.859657 
1467.618174 0.788601 
4392.258355 0.785785 
3989.247063 0.827523 
1660.325117 0.748596 
1706.151880 0.792513 
4580.186407 0.796656 
2952.287152 0.866667 
1319.449592 0.787483 
2929.883375 0.779753 
1995.157043 0.826479 
821.099942 0.801774 
428.365893 0.787760 
3444.788396 0.769604 
637.852312 0.751462 
833.094258 0.747801 
310.630345 0.767699 
595.298403 0.753458 
4401.182281 0.887820 
2241.230517 0.747992 
4357.887532 0.739187 
2382.502625 0.766320 
1091.976302 0.805873 
1136.706828 0.772327 
3974.137323 0.780522 
3095.968794 0.737209 
3282.476628 0.815004 
4935.493503 0.740239 
4581.660651 0.836081 
670.333944 0.752298 
1669.995104 0.770437 
243.589652 0.784023 
256.735788 0.811062 
2818.225294 0.735044 
2601.148160 0.736610 
3790.651395 0.753469 
1154.605883 0.748437 
1047.307166 0.776482 
1821.836148 0.753228 
2400.376820 0.772976 
1220.941256 0.782097 
2166.116862 0.778696 
4291.391815 0.745418 
2525.262840 0.758714 
2426.040710 0.753085 
4022.027670 0.849779 
3409.299791 0.759668 
1044.310342 0.787638 
1038.741846 0.783582 
1840.170288 0.800495 
3826.954776 0.842517 
1920.628588 0.781081 
3142.898819 0.741915 
1994.281354 0.762260 
728.018102 0.817359 
893.263194 0.797988 
214.605941 0.816358 
4526.233330 0.744038 
2932.561063 0.759047 
1043.949424 0.798703 
4554.883328 0.734563 
588.157384 0.753143 
4627.282885 0.739832 
4506.704089 0.732343 
1093.617165 0.785878 
2550.962214 0.867270 
2865.696963 0.768430 
3657.445459 0.737853 
2430.096336 0.805154 
302.548562 0.786835 
3869.553914 0.748059 
272.461472 0.803240 
783.064220 0.755789 
4242.717323 0.738223 
3765.339465 0.752154 
2417.841778 0.798333 
1031.988989 0.771521 
3494.502579 0.803910 
244.228645 0.809541 
1047.067172 0.747731 
1244.758885 0.745115 
4252.882854 0.777786 
3965.664025 0.759924 
2076.972221 0.826688 
1608.406360 0.848239 
4339.568765 0.772228 
3175.678324 0.733739 
4590.035924 0.758074 
948.653313 0.791383 
913.151113 0.753818 
4070.211347 0.736992 
963.851532 0.746986 
1215.838461 0.742658 
1629.231009 0.740838 
4207.679318 0.875504 
2175.794757 0.856729 
3529.749116 0.736684 
3744.620837 0.758143 
3030.023943 0.739403 
2004.485616 0.757593 
3117.535505 0.859731 
4874.718561 0.735134 
1112.502481 0.767038 
1571.717976 0.785326 
1407.028239 0.743979 
2830.311303 0.737316 
1113.176578 0.804675 
289.496162 0.808169 
2260.886433 0.741002 
1855.268475 0.742200 
1188.812165 0.758084 
4034.119820 0.773076 
4155.247822 0.744387 
1168.471108 0.757628 
2351.772023 0.763016 
2127.393586 0.751381 
3721.995808 0.860730 
1270.740545 0.768441 
3654.164414 0.739633 
1699.919113 0.844811 
2119.813127 0.804985 
1827.679924 0.829114 
3503.110060 0.802191 
4559.060168 0.765464 
838.966087 0.744305 
4008.230531 0.797376 
463.225211 0.787483 
2398.579996 0.798928 
3062.332898 0.738366 
3501.436442 0.778147 
622.666131 0.797697 
3656.094518 0.831529 
4800.251424 0.818982 
2458.883646 0.863033 
1361.295869 0.767944 
1245.922476 0.759079 
4406.783118 0.764091 
1673.298475 0.768747 
541.506211 0.761270 
4032.230557 0.823100 
1050.545314 0.749959 
3379.618046 0.883718 
4814.792690 0.744247 
2042.801259 0.783704 
1911.051428 0.853833 
1603.218721 0.772566 
1274.368486 0.810609 
2516.166480 0.750804 
4700.376550 0.767023 
3473.060571 0.734724 
2510.238229 0.816294 
421.764350 0.770767 
2428.876392 0.830763 
3209.060021 0.740130 
4020.658951 0.768716 
1634.623145 0.740518 
3539.162581 0.753575 
2465.161379 0.738779 
2147.088026 0.743708 
1831.532226 0.816117 
2941.622043 0.866653 
2719.087693 0.733960 
1955.974705 0.796362 
1906.613290 0.769907 
2437.570097 0.770145 
1954.975052 0.741230 
4344.864375 0.737619 
4079.199239 0.808719 
3371.559143 0.744155 
441.999812 0.813651 
1544.877178 0.741488 
3449.318180 0.745618 
1169.236958 0.776694 
4460.589413 0.837936 
1193.179497 0.758913 
3313.280171 0.873750 
3409.343170 0.732571 
1841.395009 0.812265 
1456.977526 0.774787 
1222.067511 0.776714 
3178.590256 0.793914 
2550.140808 0.739960 
3101.562714 0.735595 
4181.995629 0.733772 
413.789358 0.813767 
4673.814368 0.738848 
399.253927 0.769789 
2597.784406 0.735552 
1556.529467 0.818143 
1908.196276 0.797927 
1732.133621 0.744510 
3813.632344 0.871836 
4919.397931 0.739328 
1087.627091 0.829329 
2446.977198 0.854348 
4037.627540 0.736343 
3269.636132 0.799464 
435.124290 0.806717 
2555.124451 0.773106 
326.116697 0.770117 
3606.875176 0.741131 
3016.332466 0.819652 
823.403294 0.775065 
2219.601794 0.863082 
2825.972917 0.736249 
1984.432838 0.859433 
420.232965 0.759467 
2309.143227 0.748157 
3239.735876 0.734507 
3660.660448 0.882196 
3716.897420 0.808395 
3687.276992 0.734523 
1244.262644 0.823842 
2137.865813 0.803369 
3367.183339 0.823683 
1184.207388 0.761109 
594.601077 0.795616 
1822.808382 0.778707 
2713.748384 0.736330 
4903.690833 0.743988 
208.505346 0.815102 
1553.538080 0.755965 
3192.408445 0.883500 
3950.477274 0.733433 
1075.211423 0.762132 
3455.939808 0.734662 
4191.626005 0.747147 
942.208672 0.828198 
1686.575271 0.831965 
4743.963682 0.734211 
4504.170873 0.881072 
3974.156745 0.835704 
3306.080046 0.859628 
4574.864102 0.738349 
289.097185 0.783610 
1873.205313 0.786667 
4971.976721 0.747227 
4013.767431 0.799832 
2838.158765 0.735703 
739.482650 0.785142 
4554.086880 0.805482 
3475.355944 0.750353 
2716.926323 0.734445 
2892.915720 0.739400 
614.569873 0.748450 
1487.985663 0.814598 
1060.386513 0.781202 
946.629172 0.745430 
312.262760 0.771882 
1019.524444 0.774304 
2308.288330 0.741774 
3540.459510 0.794121 
4743.281942 0.744325 
1609.582508 0.738977 
2860.475828 0.850278 
3671.985120 0.783100 
1267.700703 0.746997 
802.681698 0.786430 
4209.701545 0.734148 
1654.742375 0.742278 
747.188755 0.793738 
2099.114670 0.737095 
1130.867613 0.833867 
4488.732210 0.891666 
2755.548317 0.828471 
4645.552411 0.737771 
1225.415299 0.739732 
1026.583001 0.776692 
1327.200293 0.759767 
2364.688900 0.745492 
3312.738189 0.778638 
3785.291623 0.775309 
2928.721031 0.738353 
2763.698744 0.736912 
4932.155323 0.801772 
3549.879343 0.749781 
4091.351739 0.792204 
1491.418203 0.797468 
4486.344083 0.805817 
4157.076867 0.803549 
4186.053324 0.783099 
838.085656 0.797387 
3764.366272 0.749773 
792.268558 0.798242 
4432.537351 0.779224 
794.346474 0.802280 
1387.809238 0.811976 
4296.735953 0.737760 
1267.451746 0.768472 
1637.543111 0.739061 
2257.788387 0.825654 
1037.411982 0.785069 
652.941556 0.783699 
1537.492524 0.787707 
887.248134 0.760348 
317.323054 0.806848 
2859.035917 0.792955 
218.341844 0.813545 
4033.303994 0.803649 
3653.958877 0.800733 
269.446007 0.802639 
733.672473 0.748100 
2155.841507 0.788959 
707.603178 0.791061 
492.783518 0.755029 
1359.547955 0.782668 
4334.568368 0.757968 
669.399654 0.755684 
3130.527045 0.760963 
2673.552203 0.774042 
3270.214912 0.734549 
3437.880926 0.734449 
1185.381676 0.823394 
1966.060758 0.747103 
2742.823666 0.826504 
2806.262813 0.745093 
3340.724821 0.737269 
887.045807 0.747883 
4421.109814 0.841288 
419.389881 0.762524 
2143.911965 0.806325 
2918.904855 0.745501 
4502.651225 0.734248 
1619.857471 0.750188 
2383.526865 0.740681 
2538.416908 0.744031 
1958.727271 0.814181 
2525.542915 0.858927 
974.656516 0.745394 
389.021233 0.783823 
1706.199301 0.737502 
2136.012124 0.742776 
4840.731503 0.733475 
2194.590820 0.750211 
2492.574444 0.796618 
866.890299 0.781836 
1839.143523 0.778274 
2000.162641 0.741240 
3114.677217 0.748846 
1213.490709 0.767634 
3058.848414 0.815617 
760.353650 0.755380 
4446.086350 0.770399 
1955.113192 0.804435 
3763.466615 0.819460 
4863.900258 0.734265 
2669.163307 0.804746 
607.772865 0.758457 
4105.449726 0.816245 
2840.107218 0.746024 
1336.638198 0.825756 
3515.267748 0.806971 
309.419956 0.788706 
3934.089372 0.783280 
2567.257551 0.741989 
3765.335806 0.746792 
2579.539032 0.789625 
2565.932949 0.853590 
2052.900517 0.777031 
4440.869167 0.801428 
2397.243109 0.788796 
4041.840609 0.743859 
2347.452932 0.741766 
1893.777443 0.753942 
4386.019208 0.806589 
4163.558117 0.748474 
1271.697145 0.817255 
2974.126516 0.743971 
4798.196790 0.749859 
3956.262549 0.744822 
4697.905243 0.844422 
1551.656312 0.843609 
2032.057258 0.838211 
1439.617460 0.812932 
4519.942312 0.798759 
4093.838658 0.774437 
1571.483606 0.745423 
737.772381 0.779296 
361.012947 0.785721 
3069.482404 0.781565 
2160.682630 0.850932 
621.735711 0.799273 
1344.945063 0.821974 
2617.901392 0.839739 
2677.427886 0.779434 
1298.594145 0.839012 
1118.089231 0.754366 
700.486211 0.784392 
3354.603564 0.763637 
1969.830811 0.743675 
2121.605350 0.817284 
3933.025715 0.746894 
1026.358311 0.800313 
1006.802826 0.750066 
2519.087098 0.794695 
1904.701396 0.752995 
216.463149 0.796137 
3763.098140 0.774649 
4740.864541 0.830978 
1919.095494 0.760440 
1534.851614 0.752674 
2874.110954 0.802196 
1538.039117 0.800266 
2733.976560 0.737982 
3364.099785 0.757832 
1048.778814 0.828293 
2353.245088 0.793781 
4745.519132 0.734699 
1309.066053 0.805886 
3918.943725 0.812064 
3686.752409 0.843370 
4409.394657 0.774776 
1291.270883 0.776456 
4212.502649 0.774706 
1556.137250 0.760705 
2084.595641 0.767177 
997.485901 0.770960 
3527.801689 0.741374 
1680.303009 0.746856 
328.052605 0.768742 
3873.407430 0.829026 
1163.991566 0.744500 
392.114571 0.800755 
789.611479 0.768276 
2546.482483 0.785971 
1370.949238 0.799577 
461.777519 0.792108 
3787.166379 0.738036 
1407.829788 0.769838 
953.556398 0.819177 
2902.922186 0.832080 
933.266906 0.816393 
3896.943570 0.748475 
3033.906308 0.834286 
4694.573824 0.773498 
2623.830797 0.831183 
2716.518249 0.754289 
2927.865898 0.780154 
628.538775 0.796971 
287.004708 0.813895 
846.547533 0.746076 
3978.195199 0.734252 
1882.461257 0.739710 
4573.672231 0.733297 
1497.897241 0.742143 
2302.776559 0.762999 
1176.537717 0.782987 
1799.020621 0.773486 
564.177361 0.804364 
787.351469 0.797232 
4812.390908 0.835389 
482.127065 0.783519 
484.300130 0.757086 
1079.712674 0.757576 
4817.353164 0.747822 
2699.657547 0.737850 
1855.395601 0.748989 
705.863609 0.790386 
4787.439460 0.745602 
4756.814083 0.796179 
1008.426272 0.744064 
4600.922699 0.759649 
917.488034 0.793464 
1703.707719 0.747479 
2194.623770 0.753361 
1594.056238 0.792650 
555.682939 0.789946 
4088.096872 0.735674 
1447.727493 0.746407 
2342.167419 0.843005 
3958.056402 0.739025 
1084.054459 0.786326 
4081.546078 0.752759 
1906.763527 0.774609 
3090.505480 0.740626 
2931.346551 0.752358 
662.241324 0.825135 
3079.092109 0.769839 
1191.133167 0.748547 
2556.140822 0.759427 
3986.274147 0.819765 
3171.818387 0.834096 
4999.449766 0.811044 
2031.569946 0.742883 
1046.862809 0.749408 
3884.258775 0.878232 
2868.801002 0.737104 
1073.989128 0.792127 
2760.570294 0.758304 
1844.706842 0.744274 
851.253979 0.788059 
1879.453208 0.854119 
3854.358788 0.887225 
472.818749 0.778860 
3979.555010 0.737859 
1615.087205 0.740715 
4549.715391 0.735913 
1518.414751 0.743513 
3751.781632 0.750764 
4152.491585 0.771859 
4635.910032 0.855874 
4334.056017 0.758173 
1822.311427 0.794880 
450.508341 0.758760 
4580.072791 0.875619 
2188.140258 0.836891 
2112.337996 0.773420 
2963.272038 0.756047 
2452.155482 0.816409 
4165.862563 0.765530 
1278.309640 0.799821 
4587.827981 0.878333 
558.064905 0.760022 
2110.271007 0.736746 
4668.852919 0.744027 
4117.502774 0.892033 
3883.329842 0.833969 
3270.175338 0.771779 
4838.085758 0.780283 
3270.591592 0.874242 
2131.783382 0.758127 
2660.183958 0.736901 
4254.218933 0.737719 
4088.118712 0.758163 
313.183997 0.804361 
2264.922119 0.768316 
3823.378066 0.746614 
1304.531770 0.742074 
1870.382074 0.737985 
4011.890830 0.858237 
596.688002 0.778162 
1525.598689 0.752596 
4186.636656 0.796856 
1905.126943 0.843781 
1122.499211 0.804163 
3764.136192 0.740874 
1546.956476 0.775377 
2167.725498 0.837502 
3073.122424 0.733342 
4509.272939 0.745394 
2031.224991 0.757158 
623.864953 0.809170 
1876.786452 0.828535 
2507.559908 0.744771 
249.315587 0.780749 
234.641290 0.808673 
1590.337348 0.838121 
2656.179729 0.840465 
2870.173335 0.746304 
908.588169 0.793002 
2000.779251 0.841498 
2241.828520 0.835412 
1587.027116 0.743579 
1171.142925 0.787711 
2789.411005 0.801298 
1537.941638 0.824454 
3243.359809 0.737717 
784.071530 0.783667 
4643.463737 0.781351 
4756.124506 0.853430 
508.871040 0.792967 
2813.243376 0.821627 
317.140027 0.769453 
4585.894462 0.734482 
1441.818329 0.742190 
4183.879436 0.816819 
2538.452806 0.745020 
645.791011 0.805698 
4274.629502 0.770146 
665.391746 0.790524 
793.517962 0.749557 
465.242312 0.781744 
1227.679861 0.743557 
1523.512777 0.783922 
2089.653814 0.856834 
2205.721725 0.832224 
1771.473303 0.736662 
3466.127258 0.774453 
3564.830431 0.736754 
396.516254 0.793335 
3375.148293 0.745481 
1032.292380 0.744070 
975.921705 0.782679 
1407.434523 0.755692 
1603.974310 0.741777 
265.575108 0.801127 
1830.740804 0.746100 
1525.807209 0.830978 
601.712911 0.762904 
1758.412303 0.769830 
221.721291 0.804828 
1443.697956 0.743899 
256.834569 0.780686 
2080.778721 0.737055 
3648.833814 0.757702 
1053.542726 0.795387 
4393.659104 0.739168 
4836.174359 0.757221 
4202.534017 0.763172 
2595.546240 0.772490 
3347.297981 0.746931 
868.619863 0.782609 
4025.036589 0.768915 
3423.822919 0.794694 
3956.566521 0.761470 
729.196649 0.784617 
3422.468969 0.739089 
2446.739754 0.803512 
3868.897751 0.846193 
1144.602067 0.797919 
2033.913838 0.750079 
3270.886656 0.739152 
963.123944 0.803222 
1673.086302 0.842030 
1532.060428 0.822400 
4820.759960 0.756331 
325.510985 0.792835 
1271.802387 0.740917 
1128.243919 0.744465 
2178.321097 0.826851 
2443.203165 0.750401 
3344.259152 0.736015 
613.033601 0.767202 
3238.059204 0.741828 
3570.739007 0.758528 
4909.700300 0.742067 
1100.247375 0.798581 
382.588089 0.785957 
1535.309591 0.775225 
3049.762905 0.825755 
1030.940012 0.776071 
3615.530631 0.862840 
1461.433148 0.759439 
1151.862901 0.755803 
3333.828354 0.738431 
1152.814911 0.757365 
3675.032995 0.844826 
3696.832580 0.847801 
2977.644651 0.743696 
652.037401 0.767396 
719.881444 0.757926 
2367.034157 0.848111 
3571.241587 0.860897 
2327.147047 0.853252 
2900.922295 0.771628 
1083.129829 0.771520 
3184.517375 0.849937 
1005.197164 0.792619 
414.349324 0.779310 
3075.370327 0.772872 
4129.224135 0.791270 
375.025627 0.767755 
1742.323093 0.822898 
760.667058 0.788200 
4540.081963 0.735790 
2867.757012 0.733767 
1710.047391 0.745833 
3874.940860 0.757920 
3358.144334 0.791903 
3879.743608 0.735232 
240.961468 0.809262 
2154.685541 0.738421 
3098.027561 0.792945 
4616.841997 0.840447 
1294.783521 0.810450 
2244.776228 0.750899 
4281.225678 0.755425 
4070.951819 0.825691 
4001.603406 0.850142 
2873.346801 0.760903 
307.127971 0.775405 
3420.709969 0.767189 
3060.361117 0.774591 
3014.737188 0.736565 
415.471255 0.796055 
1810.866507 0.837639 
4702.980906 0.790305 
1319.414994 0.842741 
1833.343510 0.841834 
3900.380508 0.871200 
339.177447 0.774774 
870.163042 0.782991 
4630.450654 0.761179 
862.590038 0.811369 
3388.774589 0.878078 
2508.549086 0.745312 
943.834153 0.771071 
1025.486909 0.747075 
2078.408033 0.834611 
389.666104 0.808763 
3986.495341 0.734542 
4891.875198 0.754281 
3745.295176 0.732060 
410.706616 0.768458 
1254.894200 0.761355 
1571.738745 0.798245 
899.929913 0.768679 
1804.187106 0.755206 
4741.912183 0.849362 
284.676633 0.806573 
290.391771 0.802496 
2134.849506 0.778283 
4899.034068 0.740526 
4730.729809 0.762956 
1143.215978 0.751928 
730.356018 0.793505 
2133.912971 0.793151 
4455.541583 0.768063 
3497.841555 0.733012 
1320.187786 0.813767 
2214.239031 0.747046 
1413.362929 0.790076 
2330.375706 0.743894 
1294.708526 0.757511 
882.453819 0.814552 
4871.795023 0.733135 
2533.099202 0.739928 
4706.832724 0.775159 
4951.365248 0.761303 
3951.898396 0.745571 
1884.894699 0.802226 
1247.254542 0.793766 
1043.232193 0.830280 
3034.177836 0.802127 
3443.909005 0.819178 
1109.229096 0.750125 
2085.571812 0.746711 
1347.969078 0.784348 
3933.687758 0.747580 
860.875839 0.798119 
4331.581357 0.815122 
3923.199308 0.734592 
1983.330796 0.849112 
2835.788904 0.737729 
1189.031199 0.761466 
2604.749612 0.764240 
2586.023433 0.742878 
2737.853466 0.772987 
244.295627 0.789425 
938.408374 0.781444 
247.368905 0.786544 
1118.698281 0.785657 
805.327794 0.750196 
2043.947378 0.778069 
691.330562 0.757418 
4486.771123 0.756909 
3228.353564 0.799515 
1996.173160 0.768610 
426.619920 0.773213 
3988.974151 0.735449 
4787.507643 0.863126 
4459.466579 0.742922 
1309.903628 0.743280 
2293.568739 0.742361 
4025.422067 0.895047 
3374.669328 0.878010 
1213.101489 0.749150 
3678.512727 0.761008 
4678.274437 0.743020 
3352.607059 0.838026 
871.847619 0.780603 
2148.803944 0.737155 
1937.427130 0.789353 
618.759052 0.776481 
4601.062179 0.745180 
4270.229974 0.787764 
4803.994584 0.801073 
2235.095651 0.738043 
1755.735558 0.794453 
1950.617260 0.742983 
830.754777 0.753312 
1613.934913 0.767367 
2019.096199 0.838022 
2793.953148 0.784892 
1949.526887 0.751239 
1310.544363 0.743787 
557.136490 0.800998 
698.962382 0.749015 
4096.011520 0.734488 
3786.119968 0.880613 
3719.484762 0.734848 
3717.756025 0.747179 
3624.977913 0.835266 
4517.524858 0.881465 
1897.094250 0.742296 
1868.122440 0.750207 
3590.145347 0.811293 
1999.252572 0.817448 
2081.056001 0.840573 
3999.590422 0.738448 
1177.727350 0.790713 
3572.922252 0.737097 
1857.232718 0.820062 
2239.334311 0.772758 
4891.618355 0.749430 
1829.866283 0.816410 
2168.420603 0.763992 
4260.417393 0.774151 
4715.485009 0.835913 
1956.460523 0.855542 
1051.081638 0.741147 
4739.926505 0.753480 
4637.782715 0.762435 
616.330109 0.755443 
2101.544033 0.760775 
380.297386 0.762770 
3645.918815 0.860902 
2183.459877 0.779001 
4380.219874 0.749046 
1691.400751 0.763052 
3229.778437 0.816768 
1631.994184 0.835145 
2235.971467 0.744099 
438.728695 0.789711 
2162.118785 0.843050 
707.513645 0.748455 
1906.067637 0.802298 
465.215874 0.768614 
3227.825392 0.759001 
1636.632613 0.838921 
4100.724165 0.862573 
3980.878297 0.765171 
1282.005213 0.737023 
4743.478065 0.749139 
1669.018414 0.802449 
2941.257912 0.770850 
2425.924191 0.740879 
1346.155967 0.746087 
305.553985 0.768363 
2262.985312 0.753941 
4502.810771 0.744916 
1706.976489 0.738271 
708.664367 0.768295 
2934.854735 0.771960 
364.300153 0.794242 
3200.253955 0.817261 
246.157488 0.792940 
4696.778723 0.827403 
1134.938616 0.762181 
1776.637222 0.835352 
4965.684812 0.799523 
3237.983157 0.866559 
1254.330134 0.749533 
4330.356384 0.774385 
4436.233561 0.818351 
3277.325762 0.740275 
869.673350 0.785480 
2428.668356 0.739392 
3179.838324 0.734899 
1099.213275 0.749782 
3716.256475 0.753538 
1407.739421 0.807043 
2353.876189 0.740961 
320.732854 0.792609 
236.484555 0.785264 
1429.622867 0.741422 
1261.207020 0.764905 
4729.699362 0.742812 
3312.343467 0.746644 
2031.847594 0.749169 
875.431631 0.748464 
3247.398253 0.775791 
1381.958839 0.811540 
3325.912739 0.794600 
2786.123643 0.741860 
1074.863150 0.778064 
1416.204597 0.789950 
4481.795835 0.734044 
1544.874127 0.739336 
3257.909121 0.753870 
3308.498036 0.873803 
2797.582016 0.742983 
2926.478809 0.780989 
1529.410687 0.748589 
1954.235598 0.793590 
2434.820928 0.739654 
4428.094369 0.793805 
3859.244703 0.734904 
540.317750 0.787869 
4712.360015 0.733046 
223.309649 0.799666 
2056.898585 0.860865 
1169.323511 0.755525 
4888.016190 0.875904 
3140.094541 0.795226 
3107.816277 0.816895 
2446.783698 0.755961 
3856.699185 0.791127 
1129.885238 0.772264 
3290.327912 0.835740 
3250.204456 0.858757 
710.854162 0.779590 
3265.767910 0.734752 
421.316765 0.757594 
3066.237812 0.761549 
408.246604 0.774091 
3598.627368 0.873311 
4015.124143 0.746112 
3855.229387 0.735573 
2315.258719 0.832081 
1150.172101 0.750342 
4568.368138 0.751203 
3386.209363 0.816423 
1334.238894 0.832892 
3452.668091 0.735690 
425.377587 0.782221 
2095.868887 0.741836 
566.080332 0.760526 
3364.833376 0.733795 
1171.275761 0.756290 
3762.042692 0.862179 
4254.243857 0.828818 
577.043775 0.760588 
856.876249 0.759763 
3494.893621 0.764898 
1164.249957 0.745838 
4577.779366 0.747982 
4711.233090 0.854211 
4566.971010 0.744152 
810.701194 0.811712 
1645.687656 0.823276 
1134.075200 0.761913 
1567.947876 0.741647 
291.886086 0.777722 
4259.152932 0.798969 
3805.240772 0.807953 
4989.476681 0.751787 
933.019949 0.814470 
2136.372077 0.770595 
4223.031442 0.749493 
4534.709884 0.733636 
783.180259 0.790639 
1825.937523 0.755777 
4454.986354 0.794219 
4401.561275 0.833264 
1397.403141 0.747840 
2943.297043 0.739733 
3680.353224 0.735516 
2873.555203 0.880400 
2025.094838 0.796580 
3551.314170 0.845584 
2160.462285 0.758773 
4754.760661 0.740723 
4720.691435 0.740828 
1580.939450 0.815262 
4619.728339 0.794637 
3838.533262 0.742088 
700.181077 0.766435 
4991.242712 0.792057 
2102.465463 0.841492 
1277.494436 0.739693 
2007.644995 0.814950 
4531.836552 0.756957 
3967.223193 0.854795 
747.880092 0.751526 
258.546276 0.774034 
2761.925626 0.808207 
4572.598356 0.742138 
4646.219015 0.765368 
1545.970888 0.740553 
3626.743756 0.886755 
4384.089253 0.787482 
786.179181 0.797923 
1756.037309 0.741189 
1672.799765 0.757833 
1032.480017 0.807646 
2981.759742 0.741955 
2894.258243 0.734978 
1605.700352 0.795675 
4740.919745 0.750181 
2590.809250 0.777023 
4823.254054 0.846448 
3936.412249 0.734782 
2822.108628 0.836964 
3739.753797 0.772401 
4264.874295 0.750299 
4038.688435 0.873717 
2504.475569 0.797870 
1941.515909 0.744353 
2142.226221 0.741981 
3856.679320 0.840257 
4905.323128 0.796184 
4146.710856 0.757936 
2409.582597 0.809753 
489.842327 0.765019 
623.098045 0.818405 
2540.208889 0.761614 
608.787589 0.774977 
2915.843702 0.768930 
445.388161 0.786620 
2363.584465 0.840777 
3253.916912 0.848115 
445.466091 0.794932 
275.987809 0.810050 
1101.772487 0.759667 
1098.445823 0.787032 
1174.839994 0.774923 
2504.025034 0.850394 
2206.028782 0.774293 
2629.570622 0.750596 
4561.360903 0.889817 
2889.086889 0.735557 
1063.294341 0.769455 
427.390023 0.774939 
3487.944632 0.746615 
983.731013 0.751831 
484.355986 0.765414 
4429.606401 0.758779 
368.583851 0.765900 
3879.753966 0.737301 
1754.579575 0.796722 
1790.377011 0.841535 
280.002429 0.771919 
972.495123 0.748595 
3368.457861 0.742240 
315.112110 0.793380 
4322.383411 0.858536 
2515.244282 0.777088 
3081.163535 0.838055 
1634.813508 0.780060 
2958.243823 0.846167 
1717.487076 0.818992 
2038.208076 0.745388 
727.518317 0.794602 
1533.846337 0.798270 
1373.057161 0.827024 
2126.305374 0.751238 
3535.982081 0.830520 
2567.296119 0.734987 
1103.015654 0.743438 
517.260646 0.810229 
1035.527609 0.755106 
2381.360595 0.859822 
2664.652687 0.754876 
3953.797830 0.745798 
835.573833 0.781638 
4357.490371 0.734676 
1328.220713 0.787298 
4353.021977 0.797363 
4068.183537 0.873424 
3437.567592 0.756371 
2226.175975 0.786831 
479.746146 0.768259 
258.115673 0.799418 
1335.512258 0.824982 
4004.982646 0.814667 
1887.234479 0.760562 
4268.087364 0.848955 
1340.116618 0.825297 
4674.113247 0.738562 
4408.098597 0.783027 
4142.230897 0.892447 
4867.584681 0.782194 
4864.154425 0.867149 
448.127391 0.784960 
755.168949 0.770303 
1537.030356 0.786051 
1797.495051 0.741023 
3849.344663 0.843331 
1589.967233 0.739840 
3884.456417 0.859594 
2491.509178 0.842158 
4588.120459 0.758045 
1642.541421 0.840007 
2398.413716 0.753117 
2606.927577 0.789536 
3553.941677 0.746210 
4136.356247 0.770401 
1496.612279 0.747430 
722.003163 0.748513 
2927.727601 0.766798 
3251.276885 0.740278 
471.489330 0.775521 
4484.481920 0.747925 
1884.628267 0.834168 
609.965108 0.778657 
3491.352669 0.834208 
4882.416537 0.833502 
2849.044020 0.823273 
1585.839062 0.813454 
2309.638052 0.761506 
4670.810291 0.786238 
1965.549000 0.806969 
874.830472 0.758638 
937.650999 0.826285 
2118.087363 0.739853 
1687.373285 0.792575 
1268.869484 0.740017 
1316.952588 0.747054 
1214.164859 0.779892 
4468.661822 0.852451 
2393.152623 0.753422 
1796.484610 0.811376 
1413.868996 0.771132 
2045.992485 0.762822 
4638.634101 0.741894 
608.083362 0.797624 
1724.609470 0.787182 
619.421714 0.768327 
2328.000819 0.770520 
4175.324025 0.739228 
4908.774079 0.746274 
785.773242 0.817093 
1040.303408 0.747881 
4027.951035 0.784749 
3542.800715 0.799345 
2039.859678 0.813892 
3269.314503 0.734536 
3267.020744 0.853470 
3646.461946 0.751792 
316.706600 0.775087 
1284.199274 0.802003 
893.669586 0.802280 
2801.406898 0.754375 
3434.523224 0.764512 
4751.729456 0.835715 
2066.749852 0.739364 
3322.962447 0.883613 
1816.245658 0.842170 
2605.698820 0.785488 
1852.703441 0.743543 
3625.912879 0.770800 
478.285488 0.782912 
2752.110183 0.745110 
996.405591 0.768352 
1492.131299 0.784535 
3467.094040 0.808256 
1147.892506 0.770822 
2073.747870 0.738369 
553.657385 0.769737 
4651.773372 0.762582 
796.117951 0.815988 
3792.122214 0.828204 
2542.479608 0.824462 
3885.864814 0.869122 
3439.889954 0.736556 
3643.195963 0.745196 
1070.743635 0.753512 
2606.679680 0.736857 
4783.824984 0.744928 
4734.795339 0.736998 
2152.282811 0.753413 
322.155079 0.803486 
1564.764118 0.752174 
3357.721837 0.741229 
989.670455 0.759138 
4979.704673 0.865447 
3339.992234 0.746500 
1981.532940 0.780173 
1371.808730 0.811494 
3441.057280 0.789243 
4007.722741 0.857005 
1907.589979 0.744337 
3940.147320 0.886534 
4148.680879 0.782419 
3170.359638 0.734773 
1246.603150 0.780599 
2038.061182 0.782794 
3491.763064 0.821461 
4278.039626 0.771192 
3161.270216 0.865908 
2054.302405 0.772907 
1626.359706 0.763768 
2292.992022 0.853513 
3156.313860 0.756890 
1362.777867 0.776097 
1277.665454 0.750529 
947.424109 0.796103 
2086.261256 0.757394 
1166.154293 0.787110 
2615.460171 0.780708 
869.341507 0.774340 
1330.007343 0.768872 
3506.083782 0.789474 
4997.204705 0.786939 
1056.476817 0.802591 
1784.893423 0.765004 
598.799223 0.752774 
2964.023965 0.735121 
1312.722635 0.817332 
224.070418 0.789321 
4728.633030 0.751545 
1115.288069 0.806616 
983.621645 0.747115 
2055.012516 0.737879 
1308.789384 0.812311 
1756.677578 0.742876 
294.053064 0.796073 
330.371434 0.783110 
3901.570405 0.873877 
4568.977208 0.773775 
1701.237787 0.776741 
3274.517777 0.739632 
4126.753316 0.781974 
1231.756729 0.750510 
2028.530285 0.755222 
1611.402389 0.808803 
3240.240102 0.738004 
1830.716701 0.787025 
333.082015 0.776033 
4383.755013 0.758848 
717.584930 0.757497 
1908.363505 0.737173 
1050.958562 0.747423 
3282.877207 0.761941 
3059.221027 0.766058 
1157.997952 0.783299 
2177.296395 0.735796 
2123.591117 0.859290 
779.298319 0.786505 
706.053890 0.749785 
4935.012979 0.733796 
2091.427676 0.817791 
1201.898769 0.805672 
3458.665272 0.761260 
2665.300648 0.739661 
3558.884552 0.781276 
4775.299850 0.766575 
4844.247909 0.733247 
898.776840 0.743401 
991.297625 0.742635 
374.015679 0.764467 
3508.260773 0.815064 
4660.174603 0.747320 
567.991603 0.782506 
4791.606403 0.767791 
2592.841768 0.735070 
2375.715696 0.798133 
1399.776189 0.773089 
3118.971908 0.836153 
2916.736535 0.799631 
1912.925484 0.856103 
2660.912558 0.749368 
4635.141201 0.774644 
4017.377023 0.863437 
4936.382631 0.749717 
3127.623559 0.753173 
3589.859067 0.772212 
956.967230 0.813903 
4353.734378 0.743804 
4332.647962 0.851132 
2599.019916 0.804569 
2239.152395 0.837958 
917.178345 0.798946 
3597.019366 0.735569 
1304.280363 0.738514 
4156.466346 0.836446 
2131.386221 0.743406 
828.779333 0.774433 
4168.231101 0.745070 
3763.510248 0.749389 
3962.244175 0.882141 
4981.139638 0.848480 
707.657502 0.804368 
2522.255865 0.848167 
1406.990214 0.754406 
1223.012328 0.813788 
3532.451643 0.799218 
363.096979 0.785034 
872.069037 0.773565 
779.552436 0.769026 
4807.199670 0.736750 
2050.030918 0.743536 
991.172982 0.808082 
995.413558 0.741994 
4297.131495 0.798605 
2839.861322 0.752591 
430.012743 0.765645 
1454.690792 0.795120 
1495.125316 0.756789 
4087.677987 0.738391 
3041.897978 0.767997 
207.155917 0.793017 
2342.292865 0.771764 
270.291957 0.801901 
301.236164 0.779158 
912.034905 0.775623 
472.136937 0.759719 
1430.007003 0.758977 
726.612517 0.770950 
2695.548411 0.862138 
1037.401190 0.756380 
2266.903427 0.750882 
3463.348129 0.739746 
2210.728147 0.742015 
907.664326 0.752776 
3430.080640 0.751293 
4430.129068 0.788092 
1122.804482 0.778570 
4173.552921 0.752566 
3913.535662 0.740039 
425.888279 0.782804 
562.911354 0.802567 
4948.125035 0.766839 
1685.501147 0.766431 
2979.594163 0.831053 
589.621314 0.752910 
3005.389975 0.736755 
3119.057502 0.795767 
1009.102212 0.823754 
1646.353453 0.788330 
4385.045194 0.733182 
2411.242494 0.750134 
1590.775726 0.817069 
2523.160015 0.860570 
4777.702718 0.756157 
4464.154972 0.821717 
808.815243 0.751366 
2241.108922 0.744921 
3680.890721 0.736346 
4529.363750 0.735032 
1132.473768 0.756252 
2420.244235 0.737089 
319.382566 0.808104 
760.433087 0.763940 
684.429509 0.819794 
882.531633 0.818915 
1352.311274 0.803914 
749.925133 0.749306 
3539.481299 0.772312 
4446.552728 0.853815 
2528.734329 0.743274 
338.218472 0.782104 
3980.807088 0.777792 
1384.302726 0.761629 
1226.852455 0.788587 
1286.132132 0.776422 
393.263375 0.764297 
2006.775302 0.742058 
2650.074269 0.743115 
3355.345772 0.854071 
1438.531238 0.798990 
1221.346158 0.767240 
2422.612242 0.769501 
3919.397843 0.733048 
1152.490440 0.780792 
4392.616809 0.778543 
3458.810178 0.762105 
1400.306712 0.769604 
3585.023094 0.811678 
1554.776640 0.758381 
2166.677534 0.751451 
3032.650015 0.735376 
1626.555510 0.803317 
2607.345099 0.740654 
2113.491954 0.788091 
2299.187098 0.746015 
796.315000 0.763626 
1776.091333 0.751437 
1149.731825 0.752304 
1648.856782 0.743533 
2887.654691 0.798212 
341.898561 0.766217 
4987.091598 0.756488 
4086.736487 0.733398 
2925.757539 0.766446 
2468.924467 0.813403 
4156.356493 0.742379 
4813.691384 0.734271 
2216.225089 0.789672 
2631.924053 0.817244 
1523.490312 0.803477 
2152.877664 0.812147 
4398.432452 0.746702 
4147.416110 0.742635 
1861.980139 0.741149 
690.553719 0.753779 
1665.261423 0.760626 
4733.548488 0.739982 
4557.320699 0.764056 
4526.049294 0.748077 
2682.640579 0.737836 
644.611893 0.791588 
896.340720 0.772640 
1958.633892 0.825390 
1145.902014 0.804271 
4274.375100 0.757031 
248.013047 0.781697 
3396.050041 0.735889 
3009.062266 0.861790 
4405.106455 0.738439 
276.409918 0.797294 
1062.499784 0.819476 
1035.442110 0.804472 
4998.377026 0.818907 
4485.928390 0.739586 
4662.188222 0.741105 
1634.770373 0.824830 
4694.883133 0.790758 
4020.516140 0.779087 
3982.882326 0.754380 
696.098534 0.759203 
1633.637438 0.851165 
2730.002637 0.773575 
1791.540182 0.790918 
1246.424686 0.815929 
3720.819409 0.831875 
1379.614391 0.808391 
4127.313654 0.853653 
857.284748 0.789035 
2600.737629 0.838419 
247.265021 0.776710 
3313.313875 0.823053 
1088.160487 0.758040 
620.457504 0.775813 
2316.045745 0.736023 
2580.761913 0.754127 
590.689231 0.812301 
1751.855032 0.801310 
1141.288405 0.749916 
3983.454944 0.839593 
590.452886 0.757104 
1296.934565 0.750809 
1075.058926 0.790461 
3241.710934 0.754739 
2151.377714 0.749118 
1650.037634 0.826977 
4515.099805 0.875456 
534.367178 0.779873 
2612.191266 0.823393 
3612.186789 0.771126 
2381.024684 0.763296 
663.619104 0.751045 
3670.677724 0.753131 
2629.158125 0.739495 
452.823289 0.794821 
999.425165 0.778635 
4842.560830 0.738252 
3215.931395 0.875192 
291.075289 0.768312 
3796.797213 0.770356 
4418.308606 0.735261 
4154.612423 0.828307 
1641.139507 0.758745 
2303.924674 0.735245 
1028.869426 0.745569 
1131.162230 0.750387 
1884.086219 0.823902 
359.947779 0.807130 
4897.827373 0.890336 
626.243302 0.818821 
3397.879929 0.856182 
753.470018 0.758046 
1763.413591 0.836926 
4093.292809 0.752294 
1101.421250 0.818629 
4901.880515 0.738173 
3844.784668 0.817199 
2614.010263 0.829700 
490.141895 0.755939 
4864.284618 0.818700 
1233.136311 0.747943 
1113.621976 0.760104 
2502.814708 0.787449 
3516.357560 0.839286 
4110.722525 0.857378 
2293.706563 0.857857 
988.490515 0.744438 
1890.194234 0.744918 
1718.520390 0.797567 
1465.610982 0.802053 
2752.845509 0.822470 
4443.745365 0.825184 
587.208325 0.763111 
2615.382040 0.764532 
4712.777237 0.804073 
3338.912800 0.750061 
1207.941128 0.797937 
2283.818685 0.739674 
4176.652575 0.742047 
1347.597813 0.769882 
2450.945722 0.754576 
1013.689644 0.805599 
4127.254121 0.885927 
2793.376895 0.735667 
740.396874 0.823448 
3314.956826 0.812144 
798.456958 0.785240 
333.852707 0.763965 
2517.398301 0.759049 
3323.701035 0.818644 
4615.796771 0.732732 
2435.061358 0.797000 
883.809073 0.787502 
3657.953228 0.750617 
4893.040477 0.820125 
2764.120338 0.742258 
4603.400096 0.865337 
1319.477149 0.795659 
2040.135043 0.790242 
1527.859123 0.763751 
358.566923 0.795018 
2628.450145 0.749469 
3153.986423 0.737457 
714.433027 0.747380 
3390.385280 0.753688 
4005.398020 0.744081 
923.533751 0.797012 
3357.964366 0.733991 
778.132572 0.821610 
1813.841465 0.782836 
219.648021 0.786339 
4478.348524 0.860351 
1525.202451 0.813233 
3633.947928 0.774576 
1612.840690 0.751436 
265.088927 0.783676 
3437.825849 0.771559 
2257.627647 0.741120 
4809.170535 0.744956 
494.236402 0.770007 
4084.633835 0.743588 
786.385484 0.779752 
1487.303747 0.744555 
3183.596820 0.805851 
806.515866 0.770118 
3477.142992 0.735949 
1191.456631 0.745422 
1262.294379 0.815261 
1073.218179 0.753837 
492.348140 0.757366 
892.439245 0.801721 
2488.725082 0.736580 
3179.005120 0.853717 
368.342937 0.767534 
4565.763160 0.755289 
1405.718306 0.784291 
3146.081771 0.789262 
888.345838 0.802882 
303.721333 0.772158 
922.663234 0.796176 
2121.339859 0.748260 
1605.366528 0.741910 
2140.024324 0.848422 
3964.029001 0.794536 
654.633866 0.777888 
323.661431 0.789830 
4273.685782 0.783563 
4403.429266 0.736954 
2858.194826 0.876576 
640.659298 0.753276 
1955.895067 0.749076 
3020.090622 0.734777 
1955.340095 0.815562 
2995.106057 0.752765 
700.726505 0.777627 
4864.533167 0.834044 
347.229949 0.794870 
649.686605 0.759962 
1301.293649 0.739924 
2571.912883 0.759754 
3637.840189 0.737543 
2164.758031 0.801537 
698.064689 0.774672 
3908.544826 0.869827 
303.766877 0.784996 
201.086433 0.810010 
3978.324214 0.829843 
4278.055266 0.759157 
1117.455254 0.766073 
4387.313051 0.739209 
2656.428073 0.760088 
609.738942 0.759228 
1352.034308 0.769716 
3856.756556 0.734054 
834.463542 0.750871 
4818.700785 0.799721 
3011.433490 0.817229 
4333.738202 0.762634 
2435.505794 0.787799 
323.145397 0.784633 
1793.545489 0.779505 
2866.863346 0.793731 
496.481210 0.775706 
4825.007480 0.735648 
2762.450204 0.738043 
1437.714144 0.839809 
4449.701007 0.816683 
2248.808614 0.750175 
420.866378 0.784223 
2681.394494 0.772364 
1856.994099 0.765146 
937.914895 0.780952 
1598.822077 0.748104 
3688.734987 0.734381 
4034.348107 0.836190 
3323.217486 0.862599 
4834.926518 0.819131 
2175.370442 0.818981 
1173.799237 0.781015 
2345.318427 0.761982 
3295.584565 0.754183 
3216.433921 0.735586 
2738.716963 0.763022 
4947.354571 0.767110 
3318.324168 0.803270 
366.280323 0.761833 
2069.448699 0.822377 
558.811148 0.769085 
4763.217830 0.745393 
306.979592 0.770718 
3599.116577 0.754242 
2346.716744 0.793735 
1893.193479 0.773569 
2683.640637 0.776568 
4926.446256 0.779729 
4114.576070 0.784075 
1579.853238 0.760139 
3049.083130 0.735471 
514.005755 0.791360 
3413.236172 0.829307 
2144.328653 0.826156 
1838.912794 0.765434 
4178.804671 0.862298 
710.868217 0.789364 
2159.405957 0.742456 
4643.061837 0.890479 
648.345249 0.770918 
4712.146412 0.805459 
1710.274153 0.742220 
3041.361087 0.882678 
885.562441 0.748670 
3870.101850 0.825509 
2441.390804 0.740037 
2925.500002 0.752653 
4150.111478 0.786924 
332.548769 0.767179 
2933.605805 0.754633 
4398.001556 0.739590 
3224.340349 0.858245 
2029.120750 0.757098 
2305.942726 0.755336 
2105.884209 0.755413 
1280.046174 0.811423 
3421.121490 0.832056 
1328.082772 0.774113 
604.140609 0.756023 
1252.935436 0.798581 
1181.960966 0.759974 
412.488858 0.773256 
3457.318101 0.733520 
2925.118338 0.741225 
1021.015250 0.752585 
3180.061993 0.740404 
271.475354 0.771447 
1202.095770 0.820253 
4042.765842 0.741079 
2160.356340 0.830038 
648.859083 0.790538 
259.667975 0.794344 
1621.660510 0.796580 
1760.254747 0.833184 
4429.959891 0.737046 
3330.117979 0.784243 
709.066980 0.769756 
785.056330 0.792128 
3083.743705 0.772741 
1839.234610 0.770634 
4341.996056 0.768075 
3794.967902 0.753894 
1985.435929 0.850829 
4793.461108 0.751890 
2708.868426 0.753614 
486.293357 0.767494 
4190.890268 0.761497 
2432.296104 0.770585 
724.224738 0.795948 
748.501622 0.806801 
994.666976 0.823150 
2552.271405 0.821685 
3884.836214 0.781869 
1693.769081 0.771575 
4788.610302 0.814537 
2665.998826 0.741534 
2740.485677 0.778044 
1756.366726 0.842555 
284.011051 0.788005 
231.537357 0.812225 
3782.467343 0.741869 
4999.375371 0.831652 
3807.256264 0.777617 
2533.799922 0.868350 
1028.067557 0.774803 
4722.768718 0.743417 
1208.325613 0.770155 
250.779274 0.773904 
1556.624206 0.826780 
1106.509685 0.752746 
2503.168720 0.789679 
3856.977072 0.856216 
1362.368298 0.836297 
3923.168536 0.761955 
1262.290782 0.749476 
1230.445329 0.828210 
1460.367261 0.747382 
4500.929947 0.901861 
4981.707269 0.739574 
879.298153 0.801907 
3835.019556 0.829879 
2516.252254 0.767066 
984.738293 0.803361 
1338.070081 0.743166 
4684.368686 0.745257 
4613.325810 0.766725 
4492.932376 0.833931 
506.795237 0.752161 
1244.861565 0.753991 
1618.904932 0.773266 
426.822820 0.783539 
2074.841050 0.745262 
4157.292420 0.768901 
330.525073 0.789023 
2487.184544 0.752206 
1387.913790 0.820626 
816.632420 0.821865 
4185.728921 0.745197 
2283.555618 0.751800 
880.308851 0.761756 
1682.059549 0.775538 
4151.292897 0.816124 
2440.236423 0.795716 
499.801696 0.756952 
494.647299 0.763707 
2287.298378 0.743256 
1935.764648 0.751875 
1069.938454 0.752892 
3823.338269 0.737367 
4570.841433 0.859785 
3719.146544 0.764740 
3273.457983 0.736607 
3280.359135 0.814546 
3592.697113 0.734377 
3608.306980 0.742045 
770.832434 0.802360 
4335.187508 0.892106 
1746.785478 0.764918 
4325.279234 0.747610 
3850.634433 0.737971 
1109.171202 0.747403 
2170.987581 0.766770 
4235.779543 0.871595 
1757.242239 0.836526 
3939.699891 0.742262 
1084.895910 0.763077 
2104.220157 0.785624 
1311.266481 0.785229 
3362.411228 0.872810 
2292.078070 0.736599 
1489.586321 0.759317 
3629.849644 0.838037 
3258.884338 0.754919 
4046.358591 0.829098 
1624.096839 0.838414 
807.464043 0.811663 
486.451937 0.801573 
2017.118934 0.767609 
217.540801 0.793189 
2684.121216 0.745496 
2512.071379 0.770692 
2340.924534 0.791195 
1797.273069 0.822613 
1949.650105 0.776082 
2799.637874 0.773394 
4648.409151 0.773258 
4380.946076 0.893563 
2888.196850 0.772304 
2979.889295 0.824187 
4097.640212 0.742400 
3741.929198 0.857550 
4624.338422 0.823967 
444.880169 0.795299 
984.208167 0.821825 
1719.492079 0.792300 
2103.123347 0.772762 
3264.633454 0.738629 
2899.732213 0.779476 
3487.298449 0.805034 
4109.096528 0.769018 
636.554700 0.797413 
277.008379 0.815380 
2787.223382 0.782287 
2299.718241 0.838801 
1336.423438 0.746916 
1788.804664 0.777327 
2829.031875 0.843156 
2876.465822 0.736359 
718.860655 0.800472 
1790.045395 0.784962 
211.068245 0.818451 
2927.055028 0.808319 
2719.254769 0.758405 
2848.594691 0.734013 
1523.508354 0.760392 
3827.692806 0.776612 
474.613305 0.759129 
770.067851 0.766679 
3126.494052 0.734989 
3750.154673 0.854443 
4164.390704 0.748588 
2013.523792 0.766673 
659.427567 0.771805 
554.236392 0.766065 
1035.299629 0.754900 
2764.693837 0.855629 
1179.007354 0.743679 
1490.986896 0.809870 
3672.231800 0.747713 
1080.250987 0.750917 
4683.314433 0.850657 
2911.231734 0.739224 
491.269939 0.802883 
747.311167 0.757013 
421.279424 0.767894 
4170.500515 0.740720 
2862.714853 0.804089 
3937.518876 0.766122 
1403.319244 0.787717 
583.815642 0.810134 
1029.532627 0.770220 
839.221856 0.750339 
3544.654392 0.889831 
4713.234120 0.864642 
4616.836912 0.796301 
579.978380 0.766175 
1077.561631 0.749182 
4145.502944 0.864520 
2536.604458 0.828257 
3362.618506 0.738924 
1096.403282 0.786800 
1441.385785 0.746048 
3588.179944 0.780065 
678.058287 0.783055 
1032.907974 0.808193 
1182.399485 0.751115 
1209.393929 0.790020 
4354.543846 0.797466 
2351.017909 0.784802 
3355.937766 0.838401 
1273.558676 0.797315 
1101.378087 0.742255 
556.356193 0.758875 
939.054405 0.773028 
2434.633284 0.774062 
1533.114480 0.785003 
2138.445764 0.772787 
4897.884373 0.877139 
3853.798550 0.772392 
831.319073 0.762469 
3695.199280 0.742270 
1539.567935 0.742329 
1275.968652 0.753006 
2821.053480 0.734941 
4937.698166 0.755357 
4992.856532 0.733935 
1102.285017 0.747172 
4746.631197 0.734744 
4773.076139 0.826665 
4639.541509 0.737021 
1119.172559 0.751013 
2463.308489 0.748466 
2373.303949 0.804334 
4380.633754 0.827486 
693.091377 0.809921 
1704.750363 0.768562 
1358.586938 0.740463 
3284.143579 0.742377 
974.644387 0.777742 
363.198715 0.768635 
381.774341 0.796871 
4676.432713 0.772595 
4014.000792 0.753904 
3981.455632 0.837519 
1507.056697 0.833097 
2624.884829 0.765700 
3374.742162 0.794899 
4529.033092 0.737113 
1481.127791 0.750531 
1358.013471 0.800790 
714.818474 0.766691 
4946.101627 0.775287 
296.753439 0.800429 
4889.014959 0.769872 
564.593569 0.765459 
3030.694151 0.817909 
2110.947023 0.735973 
4004.512025 0.763645 
4034.970089 0.735901 
286.962399 0.809058 
3203.403530 0.774561 
4673.701443 0.778655 
4777.228444 0.746957 
3372.823359 0.738762 
1874.205935 0.786761 
3117.385595 0.806068 
3421.285088 0.734720 
2207.203425 0.739872 
338.868955 0.765786 
658.344403 0.789948 
3829.381755 0.739597 
4192.066973 0.767554 
788.212532 0.800866 
786.001210 0.757775 
2790.611153 0.840336 
4982.998973 0.740146 
219.085668 0.804260 
3023.252634 0.853121 
2949.078366 0.780742 
4955.265813 0.803983 
1124.999778 0.763369 
1737.022319 0.786042 
280.696119 0.789420 
4205.041339 0.828264 
2537.315061 0.775175 
700.770005 0.748345 
4551.353932 0.744695 
4108.423768 0.841760 
3156.860043 0.737251 
2643.182796 0.844808 
503.141772 0.788529 
3734.274870 0.815045 
394.651132 0.765880 
3956.114740 0.767695 
702.923359 0.813153 
3741.378458 0.882267 
2077.953709 0.799848 
653.557153 0.747118 
4565.716745 0.837914 
2598.827524 0.754682 
855.170900 0.793100 
4097.131706 0.737931 
1987.462738 0.773132 
1210.430537 0.815917 
2357.148574 0.733468 
2927.197159 0.735429 
2787.118002 0.752598 
3339.664561 0.735249 
4301.117134 0.777963 
662.650925 0.765630 
2433.946656 0.802270 
3431.456228 0.740147 
2756.370253 0.770651 
4403.899661 0.856436 
2449.611445 0.757970 
1800.758893 0.737139 
4701.670305 0.819668 
759.434790 0.749016 
1317.078206 0.833718 
4867.159837 0.825329 
3306.337109 0.736258 
693.215792 0.803480 
3918.576323 0.864225 
2061.209479 0.845604 
4255.574426 0.840423 
3504.362089 0.735111 
2499.309218 0.739281 
3163.344722 0.868033 
2143.112015 0.752512 
1729.286367 0.768471 
875.006668 0.752569 
4199.631587 0.869069 
1558.895163 0.772118 
667.846746 0.798641 
4677.956019 0.823967 
838.342075 0.805171 
4567.554281 0.735502 
938.250029 0.745648 
581.292887 0.762590 
2497.860788 0.745832 
4855.245027 0.882198 
1597.756543 0.832185 
1796.226756 0.749508 
1918.595676 0.770537 
520.874214 0.757272 
1178.466491 0.776558 
1810.253261 0.747794 
811.245185 0.753267 
1927.992796 0.760618 
1794.715511 0.809839 
3799.829024 0.796237 
1765.100896 0.791290 
497.338906 0.771657 
3782.282275 0.756691 
1920.158996 0.741906 
3747.804328 0.742440 
1541.656211 0.812148 
552.946603 0.803200 
661.861448 0.763417 
2158.469190 0.754472 
4497.029649 0.779206 
2938.997537 0.739452 
2651.359362 0.789584 
3305.389272 0.750313 
899.539766 0.796049 
2342.008287 0.735190 
568.989976 0.752887 
1190.903995 0.785247 
2724.062288 0.862171 
1421.546422 0.813250 
749.239246 0.773668 
1286.286338 0.759655 
1537.181492 0.765301 
4665.673841 0.785220 
3341.848346 0.869988 
645.437512 0.747326 
818.433587 0.815311 
3281.783281 0.812232 
310.246581 0.815872 
647.938973 0.762876 
451.916035 0.769261 
1219.167637 0.801976 
3281.045391 0.789446 
1408.532864 0.741716 
3686.605252 0.766501 
1349.005987 0.822197 
2369.952048 0.749713 
3840.940257 0.736646 
2113.866104 0.748122 
953.313883 0.748636 
1252.991335 0.759281 
4521.632679 0.837117 
240.803709 0.779455 
752.991503 0.771466 
2468.505078 0.784770 
2002.375439 0.788153 
4846.850757 0.753806 
251.263943 0.787917 
2020.342551 0.778576 
2888.877341 0.736357 
1201.897960 0.809215 
932.400225 0.826443 
3060.579151 0.768059 
1821.506329 0.749581 
3222.573731 0.777726 
2224.631978 0.804408 
3872.040579 0.811664 
3238.922976 0.757492 
224.321712 0.799682 
1788.384212 0.762749 
345.390516 0.765995 
358.181270 0.772402 
2050.721214 0.837167 
1373.877517 0.835527 
1318.516929 0.766870 
1444.905762 0.745274 
770.614902 0.786631 
4427.674982 0.736125 
3195.159451 0.757676 
597.766423 0.769618 
3323.041670 0.749693 
4792.693351 0.837601 
2721.293995 0.779264 
1496.030580 0.799194 
1792.893538 0.744456 
868.703193 0.775413 
2066.908724 0.811272 
4466.110214 0.806191 
4147.742155 0.734610 
1392.655377 0.833619 
3092.884380 0.739429 
2910.750877 0.759069 
3777.512079 0.747642 
3157.522391 0.789154 
1967.109549 0.854173 
2763.662078 0.738859 
2830.001080 0.838461 
2467.982398 0.742063 
2436.100863 0.782023 
1428.721113 0.820505 
3297.578275 0.770756 
1813.965768 0.737128 
1369.403143 0.798514 
2233.004738 0.810200 
4550.326284 0.735867 
1753.531828 0.798822 
2766.810019 0.784992 
3685.912224 0.734804 
475.517708 0.763507 
506.599767 0.787404 
1203.607887 0.773165 
1142.622854 0.743784 
3023.242588 0.769830 
4873.757382 0.750555 
873.557283 0.768328 
4188.326394 0.737793 
2361.049146 0.770318 
1462.545014 0.808520 
407.235250 0.777906 
356.471020 0.764672 
4097.343128 0.873401 
3287.414205 0.825959 
361.388394 0.777636 
2662.023967 0.787624 
3316.837191 0.736160 
2674.226853 0.820707 
4847.291640 0.805729 
1270.302765 0.741665 
1485.852415 0.780512 
318.888686 0.796949 
1238.267180 0.747256 
3852.329841 0.795930 
4895.864386 0.895978 
2699.087932 0.816846 
2821.522287 0.740600 
4042.922154 0.760207 
3235.431798 0.744658 
3431.780214 0.879577 
2475.717328 0.763339 
309.006440 0.776323 
634.541769 0.764047 
1028.638564 0.778993 
1115.100058 0.778697 
4240.341609 0.741881 
4741.658594 0.733664 
4241.262731 0.849516 
4534.555592 0.734420 
2958.292559 0.779116 
3984.812063 0.898826 
2508.475522 0.768947 
3767.595405 0.818713 
2940.597689 0.792784 
3314.774075 0.825506 
1744.394165 0.809143 
291.566273 0.777727 
2564.407319 0.776268 
1332.810591 0.831547 
2953.820412 0.742073 
4941.569500 0.739593 
1326.523132 0.747298 
4793.299002 0.754376 
2677.375167 0.867365 
2975.391487 0.775986 
4840.963599 0.742499 
4437.789515 0.819876 
3788.704915 0.734592 
4771.149340 0.877707 
1880.279112 0.795903 
4692.768842 0.756346 
3032.779949 0.742073 
1169.870841 0.813790 
1778.224475 0.762151 
2221.741439 0.853133 
3851.106642 0.748297 
697.596693 0.821366 
2384.758209 0.739440 
1005.969439 0.809175 
4698.189414 0.734990 
3204.917198 0.749249 
1817.408056 0.813744 
3073.189951 0.831358 
4692.580061 0.784074 
4808.361963 0.739178 
666.755275 0.753480 
3114.893447 0.737425 
3188.973935 0.739031 
678.576150 0.802316 
1035.658658 0.786119 
3000.385123 0.734867 
412.582937 0.784652 
4179.065031 0.814290 
778.691835 0.804177 
3595.953931 0.818107 
2780.226894 0.793784 
533.331644 0.754555 
1999.840221 0.794594 
2629.344599 0.844452 
4362.350400 0.780324 
3106.197566 0.767595 
4658.843068 0.734285 
3541.285286 0.739611 
867.046500 0.756666 
2874.775394 0.738962 
1348.071646 0.743247 
1819.248046 0.809850 
578.278846 0.782207 
3064.740774 0.755443 
773.549023 0.790176 
569.417920 0.754313 
3765.291023 0.809285 
973.892966 0.744575 
1856.564411 0.756927 
4772.821018 0.832992 
644.081301 0.811712 
1675.163827 0.739084 
2692.804711 0.756847 
3929.640416 0.743220 
3084.177964 0.833498 
4372.641972 0.762884 
599.728553 0.753461 
4982.043546 0.733581 
568.577980 0.761864 
4641.265782 0.837638 
1242.388169 0.757086 
2525.786334 0.752512 
3953.957026 0.749454 
3636.869552 0.769084 
558.893362 0.755020 
408.345715 0.781211 
1661.926861 0.767881 
3852.295162 0.735424 
2514.436284 0.782627 
2252.725741 0.771040 
3112.124067 0.853507 
4038.380987 0.747165 
3738.306369 0.738850 
2993.736396 0.823375 
2339.877020 0.768162 
3856.652697 0.863665 
1238.863793 0.756173 
1769.184898 0.744567 
920.517413 0.778823 
2052.079566 0.848319 
2881.654190 0.750043 
2084.762413 0.745936 
1832.738768 0.740770 
2665.824788 0.827876 
3128.732161 0.740111 
1131.653069 0.767865 
1244.123697 0.788082 
956.188020 0.771546 
4662.647267 0.793698 
1961.365635 0.736156 
2684.135594 0.843155 
4221.263405 0.792710 
546.476968 0.752531 
2114.703040 0.804189 
878.921884 0.747000 
812.328742 0.775560 
3168.722549 0.734837 
450.596521 0.805488 
297.675249 0.784048 
1635.555819 0.825993 
707.905591 0.776710 
3657.391987 0.880948 
1519.621863 0.823012 
4211.566545 0.872498 
4884.850316 0.877385 
3699.350068 0.812791 
4883.742716 0.745802 
2291.875516 0.830317 
1238.607113 0.769412 
1566.045078 0.768164 
4092.921327 0.854182 
4153.506728 0.790779 
2577.634675 0.758086 
2334.660025 0.771661 
3654.208152 0.831017 
1496.787354 0.758142 
1989.607696 0.831856 
2215.841621 0.737986 
1107.991379 0.816895 
3544.275252 0.739076 
2469.992151 0.813281 
1851.098607 0.851394 
4826.581528 0.750150 
212.586219 0.812801 
2205.057969 0.794534 
1882.178417 0.773095 
3999.483318 0.753838 
239.413658 0.813503 
1510.616672 0.777934 
4590.817469 0.736159 
3189.915351 0.739535 
4646.135071 0.734515 
217.738316 0.790935 
450.927696 0.767780 
920.082801 0.761641 
2003.824097 0.789660 
2600.581800 0.864356 
3375.116336 0.741360 
412.916703 0.777540 
598.423450 0.750400 
1257.635126 0.829076 
4057.797002 0.773692 
4703.519526 0.779695 
3093.872741 0.738190 
3120.833018 0.832706 
1892.797783 0.789848 
352.294208 0.808799 
1449.439757 0.747629 
2210.538743 0.800801 
4572.669133 0.738729 
1973.084726 0.745338 
1181.495639 0.830561 
3710.947544 0.738803 
846.897106 0.811137 
2693.541647 0.738951 
3873.219192 0.767801 
2575.998346 0.782297 
2056.308583 0.791929 
1880.084391 0.849724 
979.911936 0.761118 
2103.295225 0.739127 
464.844590 0.756098 
1938.407694 0.742145 
3862.743421 0.741698 
2385.560816 0.764203 
1503.688195 0.758964 
1740.780591 0.838321 
206.583811 0.806800 
520.285926 0.800283 
559.377017 0.758901 
1615.399870 0.843731 
1956.153409 0.745938 
1262.721863 0.804339 
3496.961419 0.759035 
345.273683 0.790184 
1318.583291 0.824554 
221.851442 0.806548 
1663.865580 0.737890 
834.088124 0.751264 
1374.719086 0.745235 
2150.817246 0.752894 
1374.638027 0.743424 
1360.201590 0.796304 
4886.746329 0.757693 
3564.408180 0.739156 
1481.180318 0.826404 
1064.107603 0.746215 
1935.631695 0.857957 
3184.120355 0.773852 
1061.751638 0.811413 
4515.208260 0.863552 
4692.972065 0.820557 
3834.264672 0.737041 
4211.430433 0.814402 
4909.914514 0.864708 
973.966181 0.745399 
2294.957229 0.860255 
1158.198271 0.755204 
1408.827957 0.752455 
4202.841222 0.847657 
3156.927638 0.748578 
2744.521689 0.760434 
852.117887 0.748616 
3877.345742 0.735732 
3796.236774 0.754173 
4689.071480 0.789390 
819.362061 0.816303 
3008.643994 0.760697 
2020.250848 0.819457 
1884.998299 0.826941 
4666.434251 0.739652 
4254.614129 0.742020 
1386.245375 0.801757 
3177.405467 0.754588 
1008.034166 0.743843 
942.556213 0.746923 
2933.578079 0.857378 
1102.083281 0.783025 
3276.106845 0.871519 
4470.793836 0.769987 
2252.117425 0.769166 
3611.404484 0.734088 
2358.321406 0.763998 
4581.220795 0.772602 
3600.264993 0.815278 
1669.588499 0.789649 
485.003635 0.777324 
3924.772530 0.830060 
2930.527688 0.738437 
4325.290587 0.843831 
1893.742500 0.744323 
2700.536933 0.735147 
342.997540 0.765173 
4518.451203 0.736136 
3973.137404 0.733372 
1128.733105 0.801169 
916.536483 0.748104 
4130.585406 0.789653 
2857.050084 0.754505 
1540.482593 0.758082 
731.708602 0.756620 
4175.511886 0.768689 
3612.087007 0.743349 
921.381657 0.751889 
1950.672849 0.775634 
529.916705 0.752792 
1632.625258 0.745274 
2289.297742 0.849334 
1730.551214 0.773927 
2641.753111 0.775766 
2141.787488 0.738054 
1479.694131 0.749906 
4513.134674 0.822682 
3823.435344 0.750840 
2791.707884 0.736078 
4056.274227 0.845788 
2108.119059 0.777331 
4179.065131 0.895647 
3809.701615 0.736546 
4077.511646 0.872607 
1312.754454 0.801795 
1708.793656 0.746635 
3943.031409 0.756680 
4234.627650 0.748144 
3872.997743 0.735782 
1175.629816 0.747769 
4691.725025 0.866648 
3398.735725 0.874300 
2404.749091 0.753574 
1743.459478 0.800384 
4912.257724 0.737060 
3636.056474 0.818412 
1472.441094 0.784285 
275.806378 0.799475 
1797.457174 0.825087 
1972.930547 0.801904 
4498.441054 0.882818 
910.626436 0.775867 
4360.760946 0.796462 
4748.557248 0.739716 
4114.391168 0.772548 
1395.305869 0.760618 
4262.817812 0.749911 
3973.184862 0.758453 
652.940121 0.755424 
2660.338550 0.743879 
1710.514858 0.844319 
4681.178647 0.746071 
1732.166737 0.808344 
3193.985425 0.847046 
381.333889 0.780140 
4478.313040 0.736265 
507.017461 0.814200 
1306.075682 0.775480 
4366.843499 0.830954 
1820.490585 0.783153 
3874.552227 0.747429 
3605.099524 0.749488 
3715.114150 0.756023 
483.335103 0.779750 
2976.517549 0.738627 
4049.284525 0.754773 
1382.957827 0.778545 
4294.661243 0.737924 
1967.074639 0.750344 
4059.362114 0.748192 
4978.992623 0.902570 
478.663311 0.797536 
2390.036830 0.832085 
1744.682300 0.773495 
3656.114934 0.749385 
550.379777 0.810683 
1825.283469 0.753762 
282.750571 0.769970 
1021.060966 0.772485 
1178.693683 0.809816 
4541.491134 0.824184 
3392.455636 0.761292 
1781.019572 0.811703 
4531.948946 0.741437 
3555.821943 0.804474 
4311.544169 0.850936 
3063.736233 0.829556 
1188.402436 0.788315 
783.435427 0.790721 
502.533224 0.787343 
3068.256478 0.810753 
1850.870177 0.740516 
2651.370618 0.859191 
374.326892 0.770018 
1846.200541 0.745289 
4542.755930 0.822803 
4038.370289 0.742356 
4906.353329 0.772324 
4529.257174 0.754923 
731.923667 0.788911 
4222.640866 0.739015 
2086.585323 0.738988 
2080.655049 0.857466 
3301.387635 0.753120 
2323.438071 0.777358 
577.747626 0.804440 
3022.753390 0.846838 
4981.473800 0.751351 
3952.043860 0.840092 
873.146258 0.771113 
540.793017 0.773210 
4523.467457 0.773404 
291.440296 0.768567 
1393.073179 0.810840 
2652.586247 0.856812 
3373.375531 0.754069 
2456.048558 0.737927 
4301.903364 0.824124 
430.390059 0.800349 
2228.380796 0.735473 
2345.132644 0.740189 
1737.375259 0.809076 
3256.741787 0.816580 
1796.696246 0.802122 
4175.243893 0.758093 
3965.537729 0.798677 
3006.745736 0.762676 
2475.852257 0.836219 
2891.458698 0.756731 
3475.534778 0.749424 
896.626153 0.784653 
480.359761 0.774091 
571.321189 0.755573 
486.278958 0.771108 
4313.373615 0.845108 
3529.104497 0.759983 
4067.509927 0.882218 
2189.545545 0.814778 
1835.028043 0.777669 
3136.525201 0.877570 
419.075740 0.767594 
2940.717468 0.737791 
2516.829009 0.739397 
3959.498674 0.839268 
270.899822 0.770641 
2615.520214 0.738898 
1957.712875 0.820331 
1950.639214 0.744884 
1933.782309 0.768151 
1887.536063 0.753253 
4047.267801 0.864029 
3939.394111 0.824008 
2963.214434 0.756197 
3313.343131 0.796837 
1191.333145 0.762786 
938.396800 0.776259 
4737.928779 0.739355 
2708.333845 0.765259 
852.280902 0.758950 
429.298487 0.783561 
392.551197 0.806138 
2428.558361 0.793516 
2034.544838 0.740571 
4523.371219 0.773628 
1993.860538 0.782464 
4847.135181 0.788725 
4738.508342 0.759606 
1132.895698 0.823738 
378.678314 0.772572 
1771.511124 0.824814 
1414.110349 0.762208 
3293.693608 0.844889 
3556.655410 0.750396 
2394.177110 0.746713 
977.792251 0.822485 
911.413277 0.742840 
2866.963883 0.736355 
2033.665050 0.799660 
2534.810434 0.794660 
1524.518064 0.793647 
4494.904056 0.739183 
1042.240024 0.823232 
3114.098109 0.846472 
603.220013 0.763518 
1403.349175 0.757054 
3783.586286 0.778103 
333.297327 0.798946 
1475.500501 0.798408 
867.780772 0.779551 
3381.965045 0.739692 
704.341513 0.786084 
3997.078561 0.741415 
2508.493404 0.790003 
4278.337795 0.792856 
3928.319489 0.739854 
4213.425070 0.820909 
4626.931890 0.869478 
3846.266040 0.804836 
3195.019006 0.735716 
4949.343076 0.808331 
781.068245 0.764096 
4998.352199 0.782069 
1971.737326 0.825231 
4270.479631 0.763361 
2065.997229 0.857406 
4568.662729 0.843468 
3947.065175 0.761653 
4428.226715 0.799658 
3631.700661 0.773622 
696.920102 0.749180 
341.969625 0.766234 
4224.637433 0.761758 
868.996996 0.825477 
4593.154984 0.817616 
817.802723 0.748590 
2989.850321 0.792105 
2550.799019 0.755986 
4133.670946 0.763616 
3956.705400 0.841765 
2522.006609 0.736842 
2365.450614 0.859562 
3234.796989 0.818603 
2149.099284 0.737635 
2331.003530 0.822685 
3541.030838 0.747395 
3147.065055 0.733170 
4955.519498 0.750072 
3700.764877 0.743298 
625.287687 0.758407 
2523.833913 0.769316 
1439.891058 0.742305 
3678.093793 0.783845 
1712.242045 0.741631 
2183.386934 0.859996 
754.375502 0.815253 
4759.468751 0.846016 
2488.972370 0.753681 
1559.015313 0.782408 
3085.301532 0.773276 
3113.184875 0.759202 
2648.665707 0.766883 
652.403924 0.761999 
1349.777452 0.766921 
3366.622573 0.761076 
1184.431182 0.752772 
2750.685124 0.813660 
1084.959586 0.746563 
1302.216811 0.816480 
3029.448435 0.755372 
4627.555286 0.765006 
1977.232252 0.766693 
2554.094152 0.754595 
953.572182 0.787174 
1842.194845 0.792268 
4024.048579 0.876531 
2571.515270 0.795708 
1517.022692 0.768961 
3285.928196 0.742112 
2475.563289 0.761666 
1700.453316 0.759162 
4105.331752 0.818739 
1019.103122 0.755134 
4730.186399 0.774114 
1293.252264 0.826821 
1507.653886 0.775344 
2359.166882 0.773173 
1651.203079 0.748940 
344.281774 0.767504 
391.418061 0.782271 
3343.268942 0.736948 
1686.821850 0.795396 
2921.093098 0.774629 
2210.253151 0.772089 
3777.347793 0.734943 
2605.408490 0.766278 
260.482727 0.813192 
2544.820486 0.761194 
815.562296 0.810478 
4417.873258 0.866237 
4997.811337 0.820842 
270.472519 0.810501 
3760.072340 0.735146 
1114.877449 0.808611 
4884.710343 0.734374 
3799.473022 0.810555 
1874.507927 0.738043 
4210.045673 0.731059 
1058.414761 0.744630 
3206.036668 0.817717 
1325.804022 0.805841 
2486.676330 0.796942 
671.222702 0.817124 
1381.713813 0.758653 
2336.164937 0.765314 
3975.516646 0.765521 
648.633148 0.788361 
973.666312 0.755142 
1740.675531 0.747030 
3944.810235 0.752417 
4567.132406 0.739308 
1584.875654 0.766153 
1488.793931 0.743195 
4216.187827 0.864411 
601.448396 0.787464 
3475.014210 0.744154 
3146.614085 0.797531 
1664.289015 0.790717 
3914.607820 0.760405 
3364.233625 0.741426 
3052.728582 0.797489 
3577.480791 0.787001 
2634.315513 0.738452 
3526.298599 0.822941 
2177.543808 0.776378 
3373.559244 0.843845 
4257.673421 0.739897 
485.253978 0.791227 
3035.758550 0.741508 
1400.234771 0.817151 
4462.094903 0.794195 
2579.652889 0.734935 
2527.950019 0.736937 
3287.714741 0.838793 
4789.300178 0.741119 
1208.247369 0.786950 
3320.243920 0.744387 
3210.929066 0.815952 
562.178898 0.766121 
3488.185219 0.775476 
1321.592225 0.745367 
2891.308524 0.811446 
501.654305 0.804257 
1775.871361 0.776749 
3537.667236 0.734930 
278.288788 0.782695 
3827.300035 0.870218 
2691.768013 0.791644 
363.749207 0.765297 
3863.444454 0.775401 
2941.602601 0.747861 
1323.195544 0.749519 
3629.244656 0.755697 
1348.804674 0.758359 
3974.306640 0.748388 
3656.869490 0.767489 
3636.426687 0.810502 
671.675006 0.773945 
869.304826 0.793517 
1119.328008 0.773049 
2663.875507 0.769168 
4052.770430 0.888398 
3256.266287 0.813654 
2262.060631 0.793199 
925.752642 0.806634 
2243.895333 0.816940 
1432.952175 0.829481 
2857.165977 0.736371 
2631.980938 0.772597 
3171.842967 0.800552 
3744.389255 0.781534 
3104.611924 0.754307 
1567.034438 0.782359 
4208.471662 0.770082 
3614.869734 0.878941 
1866.242388 0.750787 
935.586084 0.773595 
1817.015896 0.739267 
1377.208708 0.759225 
2110.141315 0.744486 
716.196334 0.773811 
1253.299428 0.738777 
2718.381294 0.775642 
2289.037003 0.749509 
801.776691 0.780974 
2975.945240 0.821037 
4543.667911 0.757658 
3821.265909 0.807735 
772.473453 0.799805 
516.274815 0.785978 
3362.741261 0.776965 
3183.411307 0.863506 
4874.736833 0.738260 
2778.374445 0.796196 
3546.295421 0.779726 
3344.985501 0.776501 
275.559324 0.798705 
2104.483796 0.824142 
1525.136069 0.768947 
4882.007847 0.753094 
3026.969044 0.751580 
1279.926626 0.814975 
3528.724788 0.782420 
3511.361017 0.737009 
288.090662 0.776065 
2633.284189 0.778276 
4574.037749 0.770744 
4035.803689 0.756926 
4891.184052 0.824817 
1912.756239 0.787708 
2638.431283 0.753594 
1581.916213 0.759453 
2113.632418 0.820808 
1197.816231 0.791365 
764.987980 0.807877 
3284.046458 0.755617 
1015.213587 0.773554 
2964.070275 0.734785 
1547.176208 0.787474 
4402.821085 0.735810 
1962.261216 0.741444 
346.305196 0.773277 
3799.554875 0.734820 
4516.650879 0.824097 
3944.488250 0.767244 
1386.597839 0.803368 
3734.808444 0.747666 
4051.134819 0.757876 
4077.972411 0.765731 
2661.169568 0.754444 
4138.780224 0.761594 
4502.819796 0.851371 
3480.872190 0.741324 
227.495558 0.804653 
1871.979179 0.738651 
4977.671862 0.782134 
2760.591428 0.822370 
728.372101 0.770722 
834.317429 0.790743 
3112.486927 0.735288 
1104.841872 0.765066 
2480.699767 0.816242 
1851.554241 0.740649 
1931.643610 0.776326 
2631.566966 0.793322 
481.398897 0.764804 
3682.055116 0.763352 
3462.211167 0.733037 
1647.285364 0.829493 
1675.410727 0.829210 
2343.564801 0.756987 
3369.764602 0.780889 
1830.861003 0.818153 
4080.566551 0.753176 
2989.517771 0.744213 
1889.047745 0.852876 
2711.013040 0.754538 
3795.101717 0.741051 
3453.725817 0.767836 
1045.423148 0.744624 
4488.001650 0.743314 
466.827464 0.789786 
1033.574223 0.746062 
2174.853011 0.738216 
2250.099684 0.829638 
747.049949 0.822788 
1652.090833 0.794320 
1203.475950 0.752631 
595.981411 0.789105 
579.456225 0.773013 
3136.833402 0.823416 
4364.004867 0.824305 
515.004333 0.798107 
2395.042748 0.750197 
2945.918210 0.750726 
1012.217760 0.761142 
2691.875868 0.736658 
1934.455236 0.830493 
3776.193621 0.824265 
1280.315955 0.812602 
1168.802463 0.756975 
1788.961388 0.811495 
1164.539605 0.812970 
4566.106355 0.748523 
1110.144782 0.822397 
2898.023696 0.760390 
910.815528 0.802247 
870.446392 0.746087 
2739.019372 0.736191 
750.399441 0.819067 
1559.809717 0.822447 
3500.256505 0.826776 
2174.456466 0.745680 
2796.799974 0.810579 
490.451002 0.755133 
541.970989 0.766431 
1479.549750 0.836862 
4620.447577 0.811370 
244.025563 0.803652 
2653.521709 0.754846 
1485.580756 0.755520 
2368.146615 0.764846 
3694.986086 0.744709 
3597.132458 0.734353 
2269.331201 0.763214 
2844.677011 0.746590 
646.605965 0.792340 
3238.230865 0.786676 
1913.429882 0.745272 
1704.822858 0.833476 
2789.748947 0.864841 
3959.186107 0.736081 
556.257548 0.794204 
3608.675009 0.740428 
4081.837223 0.769976 
3565.279782 0.767699 
4346.429125 0.767491 
3992.379706 0.736685 
1300.601054 0.803656 
3101.425382 0.751674 
988.607022 0.829862 
3119.452650 0.750015 
355.691670 0.774213 
3681.606385 0.734692 
1274.312670 0.818039 
209.437010 0.805454 
2141.682864 0.818484 
4608.861626 0.735791 
1406.286026 0.744087 
2148.172175 0.820001 
2104.735573 0.814737 
3622.306520 0.773415 
1808.912998 0.827653 
4609.233762 0.797389 
1734.160315 0.741735 
1642.938229 0.797976 
1012.832355 0.758570 
3120.016540 0.734113 
4423.009393 0.840944 
1996.692400 0.754386 
1252.056953 0.818589 
210.081586 0.809105 
4436.865466 0.852324 
3829.329339 0.745865 
3056.221776 0.815286 
1531.880630 0.746145 
1547.014837 0.740062 
3366.009201 0.736600 
1157.818800 0.797407 
1147.239386 0.797913 
1033.988335 0.782385 
587.544790 0.794637 
3840.272746 0.734289 
552.946818 0.769266 
4697.928996 0.733640 
2738.760916 0.829289 
3973.996486 0.798194 
3461.151350 0.746649 
1283.823133 0.759510 
3850.204215 0.826735 
2928.225932 0.862522 
1524.616786 0.766647 
431.969850 0.773835 
2372.025381 0.808148 
1517.381615 0.831415 
4010.871309 0.734572 
211.580971 0.809081 
3492.025210 0.882488 
646.528055 0.756827 
1341.287392 0.790513 
927.843749 0.756835 
3561.518236 0.735313 
3726.090387 0.751384 
4311.473111 0.744231 
2953.022980 0.740666 
1599.124556 0.805369 
542.041790 0.782261 
2545.538803 0.755788 
2651.286248 0.776221 
1226.244748 0.793623 
2182.713567 0.784071 
543.775561 0.783964 
451.630763 0.766778 
2144.033698 0.847618 
4443.495248 0.748935 
4835.828729 0.789632 
1758.811753 0.833524 
4241.854546 0.738952 
2649.574768 0.749099 
4347.175086 0.741066 
3519.347218 0.852362 
2170.472960 0.823494 
2950.266299 0.787660 
3614.051418 0.798880 
1485.275650 0.765636 
2324.532109 0.742220 
3443.355739 0.814996 
599.682493 0.754713 
226.906389 0.804840 
3136.592020 0.876017 
2825.400549 0.816584 
1099.507054 0.786054 
4406.558781 0.778261 
4235.004067 0.791303 
4360.138061 0.765938 
3270.358905 0.884407 
974.987970 0.782121 
4081.159362 0.828901 
3209.815181 0.868243 
542.042832 0.797765 
866.360388 0.791875 
1699.964793 0.765934 
1265.740806 0.765375 
940.054417 0.764789 
1158.368459 0.746838 
1535.900521 0.756295 
1275.617247 0.831134 
4241.006187 0.769910 
4607.930257 0.733393 
1334.693790 0.827242 
4820.722717 0.781549 
1894.041901 0.735506 
3573.458131 0.759900 
451.039548 0.797805 
4112.019716 0.733114 
3987.516354 0.739120 
4676.067497 0.767208 
1414.968955 0.761018 
1074.508813 0.742264 
2030.574634 0.843150 
1089.796185 0.774402 
3646.122676 0.735845 
496.775786 0.761103 
2694.340642 0.735017 
902.779914 0.742635 
4720.108349 0.743965 
1255.250694 0.772455 
4289.784263 0.813439 
1232.415006 0.759954 
310.730511 0.773408 
469.706502 0.769864 
1539.056384 0.779899 
2341.697656 0.777408 
4242.623833 0.770377 
403.196450 0.758452 
1608.957882 0.803777 
1836.752766 0.811185 
924.909874 0.746585 
857.173805 0.757527 
2104.965169 0.793569 
646.939481 0.770808 
3085.687751 0.831632 
3182.109869 0.744143 
1408.309128 0.764073 
2145.638565 0.771057 
3941.740519 0.757010 
4744.672140 0.845354 
2532.735122 0.766841 
823.148246 0.755985 
3876.201374 0.750072 
1983.202715 0.758236 
4659.823842 0.740971 
935.814479 0.765709 
1223.025478 0.762282 
1850.579977 0.778165 
3714.809492 0.877335 
564.041056 0.771026 
2616.004239 0.790241 
1600.489204 0.742623 
1554.130173 0.741425 
3621.116989 0.738556 
2083.003467 0.768762 
3961.284773 0.770743 
3254.389830 0.743050 
1920.756466 0.795697 
3534.854292 0.760690 
3288.274615 0.743476 
3346.284375 0.736499 
1860.302081 0.835337 
1137.954843 0.784839 
4801.782491 0.781599 
2762.114677 0.846584 
4846.990822 0.739910 
270.863746 0.781277 
2103.780917 0.766506 
1913.719090 0.745780 
4912.936437 0.846167 
3501.408532 0.739649 
4042.981953 0.803521 
1612.919015 0.755999 
2639.533356 0.805669 
3727.681991 0.748199 
3958.230292 0.801122 
3624.012505 0.771467 
1410.162173 0.761695 
2450.399587 0.761415 
1439.088407 0.814002 
4736.836372 0.839881 
4432.495264 0.804149 
1164.573827 0.757944 
231.299249 0.802038 
3883.756807 0.807418 
2664.173268 0.785541 
2927.778569 0.873342 
2970.643037 0.740666 
2244.905936 0.747650 
859.199732 0.816249 
1482.984001 0.803847 
3761.914680 0.833077 
3735.584189 0.851318 
2631.551574 0.772223 
2280.063764 0.766117 
3442.784391 0.734159 
1351.108822 0.837634 
2308.523343 0.735522 
2272.690825 0.776736 
3082.415429 0.742448 
3203.460018 0.748040 
445.221875 0.764917 
229.513502 0.784318 
961.532705 0.795711 
1865.692387 0.787282 
2928.707997 0.778298 
4958.203551 0.736894 
3590.378039 0.748580 
297.743364 0.767388 
990.402843 0.744939 
1535.078368 0.780031 
4181.925078 0.852862 
971.176117 0.750812 
4392.823888 0.784870 
3347.090219 0.757351 
4755.571434 0.751805 
3102.816163 0.830164 
1419.724535 0.754050 
2365.813278 0.864039 
4203.098555 0.753199 
907.320692 0.748768 
1719.980599 0.754090 
470.475025 0.768587 
1874.863337 0.742998 
800.885016 0.753777 
4325.886817 0.830702 
769.273357 0.794910 
500.821366 0.773508 
2790.019930 0.742988 
1285.432059 0.769848 
2278.436551 0.740266 
1183.269145 0.795262 
1790.673032 0.851460 
4778.084240 0.734366 
4384.720860 0.812867 
4826.377876 0.813945 
3001.766008 0.857695 
203.498250 0.808700 
312.558340 0.783783 
1687.832885 0.816567 
1074.833948 0.769444 
1277.542847 0.746193 
3511.611263 0.848205 
1703.323682 0.754595 
2066.175495 0.796545 
3794.364670 0.741960 
1551.334936 0.822165 
518.287890 0.797296 
4022.411865 0.735022 
1654.370636 0.747747 
2936.496528 0.741295 
4769.579127 0.745521 
3205.691776 0.852584 
1407.035875 0.822544 
846.810074 0.755330 
3333.437856 0.771878 
1688.554767 0.815578 
2102.655674 0.741433 
339.504139 0.786205 
911.621669 0.767401 
1173.834532 0.757983 
2892.143819 0.761607 
1353.703451 0.771255 
1920.374150 0.743376 
2118.352740 0.854500 
4028.049660 0.854025 
3982.946583 0.871041 
4239.515719 0.744571 
463.770224 0.766963 
4750.099198 0.852326 
406.449914 0.766278 
2740.454704 0.774646 
2037.177459 0.850580 
1915.932247 0.764143 
1623.977024 0.739069 
3469.736330 0.734012 
324.892245 0.779454 
3860.204582 0.863869 
648.832685 0.805425 
1547.726736 0.797859 
4039.768260 0.765345 
1741.548684 0.740445 
4840.588450 0.830471 
3890.695432 0.869306 
4668.832367 0.736922 
1761.411661 0.777748 
1236.057730 0.771396 
4180.805699 0.818033 
4527.263870 0.750658 
4836.914934 0.739630 
3447.339488 0.756584 
4253.360822 0.751431 
2734.890949 0.769961 
1163.955199 0.742926 
2500.424232 0.737658 
359.017468 0.789478 
3169.579040 0.854064 
3117.495363 0.866699 
1199.517123 0.813243 
1711.479715 0.813797 
364.668913 0.773613 
757.673031 0.798719 
3378.406055 0.761084 
4580.278768 0.733983 
586.975142 0.807701 
1304.246097 0.740174 
3089.823201 0.752432 
717.219023 0.756546 
1091.916477 0.796845 
1893.727412 0.827685 
3254.601171 0.777264 
256.448640 0.792345 
2461.260948 0.742213 
2421.688850 0.738669 
3839.109488 0.736647 
749.609261 0.751748 
4656.188878 0.766427 
4180.016960 0.867861 
4027.666038 0.749647 
3214.560461 0.743802 
4344.428640 0.856778 
3769.077318 0.834856 
2241.847321 0.806567 
3124.765346 0.734772 
3239.887593 0.769013 
3999.081496 0.847635 
235.579775 0.797359 
2463.175789 0.749805 
449.234003 0.777277 
3246.503310 0.881394 
4838.397572 0.814251 
4283.436748 0.760512 
845.047647 0.809244 
2747.390458 0.739376 
1616.065321 0.842700 
2482.339403 0.846389 
936.741387 0.802286 
1460.916211 0.792977 
658.873656 0.818677 
2657.178400 0.855981 
3207.989368 0.732959 
1152.007369 0.750260 
1797.488023 0.836171 
3558.328686 0.746807 
3297.637036 0.812789 
1042.314111 0.791973 
457.112836 0.755382 
990.914482 0.775780 
517.755961 0.757779 
3839.442937 0.751165 
2612.191759 0.755283 
410.046379 0.807136 
3620.939044 0.769413 
4414.389532 0.768510 
3850.245978 0.738381 
930.295393 0.805470 
4043.658584 0.752334 
1168.593893 0.754203 
2989.947375 0.778211 
1355.821494 0.798810 
543.962874 0.790928 
3614.136583 0.784476 
2033.139167 0.857655 
4935.691223 0.735681 
3669.835086 0.868652 
3253.060304 0.772192 
3248.049997 0.748779 
2788.871853 0.734375 
4827.254670 0.739685 
3834.766449 0.749957 
723.176426 0.783987 
2731.406533 0.790091 
235.598672 0.804272 
1441.778950 0.758993 
3974.714220 0.889483 
1326.901071 0.778053 
4369.109633 0.764251 
2595.565329 0.736916 
826.478560 0.756576 
3499.360240 0.747912 
759.183295 0.781844 
1712.527543 0.818873 
4642.670034 0.757870 
2351.768109 0.755721 
4952.050131 0.740695 
4993.085015 0.744032 
4112.573875 0.736210 
3490.571886 0.747144 
925.863164 0.772739 
2736.795164 0.795532 
556.356449 0.758599 
4494.103449 0.813612 
2286.271309 0.756512 
331.671352 0.794230 
2006.971528 0.804078 
1621.914417 0.782332 
2669.018782 0.737119 
4582.798228 0.754389 
4144.008389 0.786029 
4614.376468 0.754147 
285.752295 0.809804 
3500.438423 0.889417 
3901.113545 0.798802 
4434.911350 0.744508 
1425.350067 0.760674 
608.295065 0.760161 
693.554608 0.789593 
473.844246 0.790457 
2889.311783 0.836304 
402.665144 0.801257 
3820.656681 0.884340 
1176.375778 0.805376 
1354.537166 0.810567 
378.672641 0.786624 
1521.978022 0.825050 
2910.173779 0.807327 
3908.089099 0.872779 
4196.179837 0.785948 
3462.531124 0.772011 
1503.625450 0.745377 
3829.183427 0.742631 
4749.477083 0.760077 
590.821549 0.766939 
3403.370879 0.780756 
755.664545 0.793841 
1890.781965 0.776685 
583.434177 0.759914 
2884.382824 0.765297 
4144.354401 0.739539 
4180.259664 0.769915 
1699.957027 0.754869 
1309.848723 0.795808 
3877.813337 0.758079 
2973.494010 0.742788 
352.792517 0.795701 
883.756060 0.745114 
4586.297702 0.763506 
4411.674374 0.757093 
4134.459146 0.734755 
3754.461626 0.745242 
4858.694487 0.759640 
1203.824993 0.791162 
3554.570892 0.856667 
2549.597915 0.733915 
560.902250 0.761949 
3936.392008 0.853868 
2106.061199 0.790300 
4271.151077 0.736966 
4853.813510 0.735167 
3251.122687 0.740227 
977.294819 0.792384 
2989.873581 0.735721 
3474.811516 0.786693 
4287.282783 0.852006 
1868.627722 0.793606 
761.941205 0.798954 
1447.527180 0.764916 
2300.788094 0.772835 
1472.307574 0.741956 
2334.470335 0.865396 
1611.344055 0.743267 
2446.469042 0.756891 
2583.635935 0.750327 
2950.816694 0.858210 
1583.052239 0.838284 
512.129909 0.759204 
459.860434 0.765737 
3662.059515 0.751445 
834.474667 0.748702 
3803.779154 0.761288 
3715.145959 0.750172 
1305.349640 0.745999 
2961.568002 0.776800 
4749.205651 0.732467 
4152.817156 0.780199 
751.476255 0.755740 
899.099539 0.803614 
1512.236469 0.742123 
2896.895658 0.776876 
3236.036242 0.858691 
2430.332222 0.774940 
4680.339631 0.868193 
2915.109137 0.752681 
500.346984 0.757035 
2844.311678 0.788773 
2125.976585 0.802793 
4856.341141 0.748559 
1259.207273 0.761628 
3358.150086 0.741004 
4639.112669 0.867166 
2146.722538 0.736153 
2005.105330 0.745623 
4649.472605 0.736601 
339.543170 0.769467 
1780.789372 0.767900 
2475.766987 0.743605 
4634.563010 0.743456 
4730.607840 0.737925 
2925.384169 0.805308 
816.899017 0.810569 
4594.111139 0.737146 
465.506291 0.759109 
1577.774777 0.740984 
1815.696098 0.764625 
891.045763 0.775632 
3840.143971 0.787160 
4770.393856 0.755145 
4150.003022 0.888275 
1324.502929 0.773847 
1119.936834 0.796939 
3268.655559 0.762052 
763.184815 0.788097 
3451.135428 0.737388 
4109.880431 0.786909 
324.417684 0.781471 
938.304281 0.802039 
403.685129 0.802326 
1179.045573 0.782492 
3397.679156 0.871068 
3325.227431 0.735330 
437.791126 0.775633 
2061.524628 0.747694 
1500.652754 0.802211 
1695.974227 0.755582 
1242.856898 0.812066 
975.837915 0.785408 
1294.306011 0.738338 
3622.342599 0.742761 
1152.964875 0.807107 
561.065385 0.803862 
1525.405262 0.746944 
1939.149073 0.737323 
4937.799641 0.850413 
2177.963995 0.744033 
1547.728787 0.825537 
1401.428095 0.744505 
3604.858042 0.883359 
1330.012173 0.768630 
2144.820782 0.737859 
2098.329466 0.813925 
1557.627830 0.788416 
556.567225 0.764961 
2160.818522 0.835413 
1780.792344 0.771317 
218.765681 0.791321 
1179.489056 0.763522 
641.592381 0.799334 
797.026237 0.773352 
4517.135217 0.788518 
4962.846028 0.821213 
1179.560641 0.749475 
3784.202382 0.746955 
1711.752504 0.742120 
1090.777195 0.782766 
659.382305 0.766347 
3320.983919 0.765656 
2193.680197 0.831092 
1490.681571 0.800254 
3386.962515 0.755891 
4566.486204 0.737738 
3206.785309 0.795049 
2531.733102 0.796483 
2868.492471 0.870549 
539.021720 0.755578 
1495.829317 0.742234 
461.629321 0.759851 
3762.600374 0.758233 
1521.792615 0.804397 
371.885364 0.770723 
2725.392440 0.739622 
3915.666562 0.734034 
966.614926 0.776297 
3055.365796 0.734681 
2453.680657 0.742186 
1007.957218 0.759980 
1432.637462 0.766016 
537.224308 0.772976 
4652.689369 0.750870 
489.631621 0.763152 
3801.644815 0.778194 
2837.743573 0.743724 
1386.096736 0.751808 
1547.476809 0.765315 
1649.911397 0.780379 
4079.618777 0.764884 
3926.997683 0.784053 
4490.885429 0.857041 
274.511486 0.795328 
2395.455669 0.853003 
4937.985548 0.874893 
2579.289797 0.739469 
3627.631503 0.796484 
1131.746775 0.766180 
2905.905890 0.810562 
2705.664985 0.751826 
1382.768838 0.762354 
4944.347542 0.734013 
2812.334080 0.846250 
1823.749554 0.803189 
4593.086839 0.789399 
2826.521039 0.775089 
4251.318393 0.736207 
4589.232428 0.742400 
297.858852 0.780550 
1006.582417 0.750399 
4189.263720 0.735123 
716.979861 0.797873 
1719.573500 0.760820 
3871.411560 0.741902 
4430.192259 0.771612 
2854.622998 0.753862 
1763.911661 0.741909 
418.548417 0.793947 
1102.561590 0.756477 
3934.524901 0.841075 
1397.370180 0.768590 
2289.619933 0.783053 
4142.429435 0.732169 
3809.732587 0.759191 
4523.243962 0.734087 
4660.375032 0.812544 
4251.558889 0.823876 
504.199593 0.767530 
1164.837635 0.821766 
753.989704 0.800978 
2357.393217 0.735511 
3238.438378 0.751224 
1797.147237 0.762470 
752.382833 0.809372 
985.849214 0.743660 
1822.764856 0.846553 
3333.512493 0.750684 
822.737290 0.802428 
4126.402362 0.742644 
4374.176042 0.733455 
1137.876449 0.816746 
3884.595992 0.808535 
2416.788779 0.790820 
3656.706456 0.756560 
3173.274065 0.773922 
4514.949551 0.809541 
2484.436758 0.736432 
2805.078360 0.810996 
4067.044727 0.762560 
1662.874491 0.765112 
3348.931213 0.871171 
4712.917360 0.887780 
540.883646 0.800450 
4252.385882 0.738848 
2792.470620 0.778147 
2440.218604 0.761138 
2039.179474 0.759914 
3980.130139 0.760182 
612.169673 0.783407 
4018.468761 0.868618 
1685.628746 0.802965 
2350.063511 0.734829 
1435.967529 0.770449 
3229.203800 0.744156 
3588.726884 0.736748 
3881.257968 0.776244 
3974.042279 0.800009 
263.557269 0.793409 
1374.971860 0.757824 
4584.278055 0.768035 
1372.658160 0.835102 
1843.032725 0.767136 
1685.194493 0.792003 
4067.900433 0.742458 
1544.847626 0.843517 
3498.728297 0.758044 
1215.729543 0.835186 
2363.315917 0.747895 
4079.379117 0.821035 
1121.830376 0.751067 
362.472368 0.771738 
663.734076 0.749264 
637.277089 0.758040 
2338.108551 0.749078 
803.917047 0.764145 
4707.850453 0.735399 
668.274414 0.757207 
4569.635393 0.817568 
2625.989545 0.782867 
207.278793 0.786728 
617.094399 0.770366 
3686.144372 0.799221 
3956.374185 0.738559 
4669.466410 0.812522 
3954.304478 0.872680 
4335.101498 0.792771 
3915.676815 0.754618 
935.109104 0.811114 
1900.954200 0.792812 
747.902902 0.759880 
1191.113938 0.830971 
3450.708059 0.744171 
1763.371106 0.817273 
2525.710052 0.767161 
1655.236895 0.736819 
1069.800118 0.831222 
2115.696377 0.769926 
1091.608878 0.760490 
2870.524525 0.740298 
1619.838146 0.798597 
999.411837 0.747831 
268.114601 0.777800 
2407.703123 0.786438 
1853.374475 0.753791 
2811.115718 0.770229 
3327.875606 0.740721 
2600.641322 0.760633 
3063.087686 0.795144 
3566.663007 0.766933 
2836.803426 0.854417 
639.763415 0.784406 
2823.524854 0.742423 
997.207485 0.830494 
391.106853 0.789556 
3731.939460 0.772944 
2114.026440 0.740092 
715.508414 0.791927 
2035.757281 0.746101 
2749.519462 0.768755 
1074.304368 0.820652 
2581.100897 0.804595 
1436.055457 0.743320 
1892.934069 0.832167 
569.898817 0.773704 
927.572810 0.787437 
4775.107541 0.747177 
1260.131227 0.753521 
4578.377705 0.864163 
4215.213018 0.826144 
1132.005693 0.760741 
259.797549 0.804110 
3118.263350 0.740047 
782.809036 0.753410 
4927.025281 0.736227 
2012.894621 0.795157 
3490.296255 0.794090 
509.553346 0.774783 
3134.268192 0.761558 
217.166343 0.796770 
524.037042 0.810907 
1899.755853 0.737781 
1666.830257 0.789008 
1257.387616 0.831692 
3530.871729 0.769014 
2830.806050 0.737152 
4381.362698 0.740974 
402.603834 0.812332 
237.665909 0.812318 
514.653616 0.809419 
3649.701610 0.786477 
4184.007919 0.827615 
1771.312820 0.740841 
1405.776306 0.771689 
4287.432672 0.739163 
283.983751 0.789027 
632.550370 0.784371 
3971.929576 0.893353 
1208.724808 0.748594 
1374.660554 0.738190 
4171.964796 0.733809 
2109.545118 0.745702 
2716.753237 0.777702 
3681.609154 0.813066 
924.889782 0.743581 
912.565959 0.744784 
1152.764965 0.772952 
4956.557121 0.747983 
3370.498947 0.733789 
3358.844509 0.751408 
1484.931783 0.812232 
4411.388850 0.749422 
4230.156817 0.734949 
348.611848 0.803244 
430.617972 0.792465 
3819.493967 0.843576 
1617.564530 0.755054 
1027.611738 0.799381 
2702.239204 0.803906 
3250.428167 0.746670 
4955.403896 0.880528 
3403.456431 0.761722 
2976.064705 0.774672 
2046.131216 0.811061 
3212.009318 0.759226 
4548.123362 0.894245 
3763.326405 0.774756 
1911.312756 0.741484 
4822.948997 0.756383 
1273.981856 0.772815 
3106.067936 0.806695 
1861.006265 0.843215 
4541.930534 0.813439 
1076.288279 0.758217 
1618.845324 0.811506 
728.530305 0.793356 
1247.943858 0.762397 
3085.084115 0.737572 
1977.899737 0.833320 
1023.121525 0.773489 
3272.995845 0.781476 
1886.324251 0.796801 
1231.243688 0.813200 
4309.445695 0.813738 
2909.962115 0.806351 
804.122525 0.777694 
4391.780523 0.862153 
263.079570 0.806050 
663.139954 0.749649 
774.330330 0.785805 
855.183380 0.804195 
750.585095 0.777978 
776.892536 0.819978 
4777.199366 0.883516 
3157.147559 0.837173 
1054.311407 0.770237 
1623.596265 0.769984 
3064.403343 0.797079 
809.078811 0.747866 
352.227808 0.778681 
574.997811 0.765681 
1906.642344 0.782897 
1111.865410 0.762759 
782.777298 0.779811 
4050.675896 0.737662 
3582.769451 0.786765 
3221.816510 0.793565 
1385.589362 0.805077 
1092.286883 0.769016 
3715.800616 0.801099 
2686.986088 0.758747 
626.840445 0.747958 
406.390518 0.795207 
4176.998355 0.794372 
1220.484350 0.758195 
604.089873 0.770033 
1287.898570 0.814197 
419.697197 0.759707 
4316.876655 0.743478 
1410.033631 0.768543 
3976.312300 0.765210 
3132.427365 0.747122 
4004.518525 0.734319 
4317.494194 0.776522 
3303.235032 0.771308 
888.502440 0.782064 
3853.125613 0.734391 
1369.643878 0.828686 
716.004792 0.777828 
266.341879 0.801164 
2848.604386 0.747744 
3704.285768 0.734802 
3089.288924 0.858296 
478.752562 0.776549 
4464.313195 0.759181 
2226.694561 0.742468 
4797.398808 0.814715 
2196.959691 0.768723 
561.113877 0.764357 
1764.197603 0.842684 
363.455017 0.804402 
3937.963546 0.764033 
3744.477201 0.869139 
842.835362 0.759727 
450.743463 0.790925 
4424.683963 0.836234 
3130.405631 0.780787 
1081.508625 0.761190 
2369.538640 0.779833 
1320.083292 0.773754 
961.126490 0.771943 
3814.623309 0.737436 
667.520163 0.804528 
408.817482 0.793727 
2474.834183 0.745724 
3036.864347 0.791277 
2489.280840 0.743990 
1883.769940 0.828862 
4241.782844 0.754742 
1289.713625 0.738425 
383.293873 0.782052 
2695.147657 0.766408 
853.896102 0.809739 
3357.217651 0.809132 
4040.876133 0.838534 
2239.752004 0.744005 
4789.479083 0.735955 
419.125577 0.764044 
3199.247203 0.824769 
3060.568194 0.736695 
1680.639467 0.742855 
680.058991 0.776131 
2158.937338 0.785280 
235.010289 0.817799 
2264.593599 0.814123 
3128.887068 0.805829 
4748.647323 0.863828 
4749.720163 0.743043 
1151.665559 0.750287 
4529.740931 0.775705 
1407.751939 0.777830 
1265.150708 0.782048 
594.690578 0.751903 
3615.857468 0.797567 
3698.261167 0.841069 
3680.052174 0.736866 
762.399193 0.751898 
2028.403265 0.826289 
520.045985 0.799746 
1253.539135 0.819745 
299.055455 0.777898 
655.567111 0.768953 
2011.546231 0.756290 
1983.397530 0.776970 
1532.522810 0.824493 
3124.423498 0.736193 
1198.516382 0.808634 
4862.313610 0.754707 
857.587064 0.759338 
2193.369733 0.818253 
1841.482983 0.758466 
4787.643428 0.776831 
3787.264403 0.743904 
4920.758107 0.734357 
276.293743 0.771938 
1211.311878 0.761909 
2702.735268 0.798072 
2012.615100 0.840683 
1456.104678 0.837527 
4234.730823 0.731646 
578.439525 0.765974 
4164.017055 0.774559 
4635.649107 0.855115 
4192.377632 0.733235 
961.739650 0.761207 
1565.384928 0.791590 
3129.555776 0.741502 
4912.196730 0.813970 
931.667280 0.744737 
3723.113784 0.767521 
511.192287 0.782427 
4727.859795 0.779896 
2181.073975 0.751710 
2077.529805 0.819802 
2012.958943 0.835075 
4268.100680 0.800180 
3102.446834 0.782169 
281.097130 0.772021 
1031.723675 0.782944 
331.467170 0.765613 
4636.444741 0.756355 
2648.370417 0.739149 
478.532262 0.774846 
1459.305895 0.779335 
2333.628398 0.744553 
2115.136787 0.818319 
1577.160309 0.782861 
3507.253810 0.759761 
2909.859285 0.733630 
4065.302805 0.890058 
4388.730243 0.806543 
1201.808299 0.762953 
1465.140559 0.761141 
4231.019162 0.747300 
3364.666938 0.819534 
4329.774096 0.757965 
4110.408206 0.780387 
4082.556688 0.825933 
2903.126033 0.759296 
4711.487215 0.778954 
970.791776 0.793967 
4009.653952 0.738201 
767.543925 0.816191 
2011.535485 0.784202 
1887.372719 0.734912 
536.951368 0.768935 
959.859030 0.755129 
1607.545243 0.747066 
3701.032969 0.786082 
3248.758100 0.735674 
2017.866619 0.784528 
3427.462977 0.769144 
2501.950877 0.761757 
977.464541 0.779804 
3106.936978 0.842472 
2993.063497 0.746602 
739.188816 0.753954 
3014.730369 0.844037 
905.481118 0.757938 
723.458631 0.750316 
694.475448 0.796648 
3741.132401 0.746597 
2454.948359 0.827887 
4591.876694 0.751905 
615.966732 0.808474 
4455.499897 0.809662 
2352.392635 0.823575 
1055.436388 0.821889 
1765.202827 0.814368 
2925.045685 0.833522 
2336.832829 0.777138 
2795.612226 0.784869 
1144.584674 0.766813 
2181.597211 0.837413 
4435.538062 0.894295 
637.368819 0.759617 
4098.489036 0.870345 
1813.270308 0.805615 
4413.286900 0.819728 
3023.049045 0.740238 
3109.739620 0.808187 
4654.831220 0.733891 
947.416070 0.787867 
961.885661 0.752437 
3254.878578 0.755630 
2115.522498 0.737931 
4619.784009 0.746325 
2474.194218 0.741831 
4185.074969 0.798336 
4797.256449 0.786757 
1326.006633 0.788440 
3268.514634 0.742823 
2580.348257 0.826487 
4597.284781 0.849227 
1779.652256 0.807512 
2936.513979 0.751399 
4123.871744 0.736180 
3976.051557 0.732347 
2408.890515 0.744487 
3325.236016 0.770282 
2127.195258 0.819080 
637.874141 0.746638 
2832.527543 0.819173 
2565.786869 0.743035 
4238.504471 0.793201 
3906.069088 0.738175 
1092.113827 0.746396 
968.395561 0.745285 
4653.790550 0.741653 
2014.567316 0.853663 
505.775785 0.784343 
801.360887 0.777970 
2347.110351 0.740635 
2859.909712 0.787050 
3947.409808 0.848666 
3124.435875 0.812538 
244.485338 0.775611 
835.904960 0.783340 
2387.150892 0.839422 
3896.741615 0.845483 
2735.513156 0.747760 
790.393276 0.782072 
442.992900 0.758609 
475.935700 0.812160 
4221.979218 0.744995 
3964.961462 0.752280 
3854.415564 0.814082 
1620.725239 0.755025 
3666.842184 0.755105 
2731.801239 0.797186 
1616.835918 0.741184 
3777.513379 0.807886 
2791.646362 0.741481 
737.437008 0.789313 
3198.816348 0.778585 
1718.967004 0.817395 
2673.134482 0.858067 
1992.849672 0.786103 
479.352509 0.781236 
837.699036 0.793455 
1577.692942 0.738433 
1908.127900 0.756114 
1166.254869 0.826724 
4823.712869 0.757237 
3872.584394 0.747563 
2802.389398 0.734121 
3878.143268 0.814041 
2289.406117 0.777407 
2646.427179 0.765030 
749.375569 0.818379 
1703.323878 0.752512 
1319.469677 0.821021 
602.497304 0.785811 
610.993677 0.807419 
4287.324873 0.752142 
4802.591371 0.743785 
3521.935033 0.745394 
3956.417804 0.807435 
2391.643572 0.743522 
716.848126 0.749149 
4913.691138 0.745067 
4339.641003 0.772371 
1359.233634 0.813361 
1419.948255 0.741882 
556.698627 0.788891 
331.177892 0.786984 
4306.316320 0.736471 
2109.484088 0.833111 
3632.519982 0.739373 
4777.857709 0.775768 
609.090942 0.783958 
3835.669379 0.747872 
3256.388154 0.734338 
912.814910 0.790253 
2429.668200 0.746876 
431.934609 0.783840 
2664.061167 0.737454 
4087.162791 0.746298 
3496.629715 0.846696 
2372.563480 0.747242 
4451.850377 0.767367 
2082.436380 0.738430 
4579.679060 0.752872 
3047.335454 0.749446 
3411.260793 0.734444 
4700.661092 0.734219 
3791.268018 0.759311 
4210.045673 0.735467 
4210.045673 0.733388 
4210.045673 0.734491 
4210.045673 0.733564 
4210.045673 0.734445 
4210.045673 0.733785 
4210.045673 0.733395 
4210.045673 0.733640 
4210.045673 0.733964 
4210.045673 0.734167 
42100.456732 0.734306 
42100.456732 0.912196 
2827.630821 1.072210 
1731.199024 0.985380 
2391.916015 1.046172 
2794.606570 1.118998 
2526.687116 1.069629 
2244.349941 1.019453 
2020.340512 1.073179 
1734.370164 1.083407 
3071.225682 1.057729 
2974.199677 1.086146 
2240.963864 1.045337 
1720.067942 1.027286 
2796.953286 1.040448 
1758.616702 1.028732 
3002.973153 1.140052 
2544.165519 1.058369 
2485.974979 1.075643 
2429.181107 1.137960 
2505.539123 1.029760 
1780.062422 1.014420 
2299.057516 1.019714 
2221.524142 1.098096 
2395.748196 1.115617 
2072.462758 1.026554 
2293.542590 1.069809 
2700.196154 1.040862 
2835.639340 1.034258 
1926.290428 1.041038 
1872.783067 1.035814 
2465.752934 1.095757 
2626.244167 1.108887 
2211.190123 0.994750 
2880.610810 1.111409 
2006.887744 1.018855 
2309.802951 1.008441 
2000.742030 1.092715 
2040.037582 1.041813 
2345.847729 1.047663 
2694.678045 1.039880 
2136.071558 1.090842 
1730.896408 1.001833 
2667.689929 1.102276 
3082.664183 1.089855 
2372.150644 1.115703 
1992.768746 1.088544 
2052.898430 1.067137 
3108.135695 1.084749 
2465.086955 1.086900 
3078.865358 1.111414 
2717.965908 1.132564 
10000.000000 1.263881 
4210.045673 0.733925 
3745.295176 0.733985 
4234.730823 0.733485 
4210.045673 0.734074 
4234.730823 0.733946 
3745.295176 0.734026 
4210.045673 0.733927 
4234.730823 0.733715 
3745.295176 0.733559 
4210.045673 0.734108 
4234.730823 0.733849 
3745.295176 0.733642 
4210.045673 0.734005 
4234.730823 0.733515 
3745.295176 0.733718 
