0.596406	1.578075
0.53706	1.434093
0.101535	0.569081
0.65415	1.269441
0.640614	1.246526
0.613195	1.959235
0.033499	1.50351
0.199198	0.610408
0.667419	2.110957
0.809472	2.309902
0.572645	1.3559
0.588373	1.513921
0.561801	0.764627
0.065147	0.917167
0.503737	0.7285
0.635697	2.01973
0.015751	2.557063
0.116859	0.562291
0.027254	1.764813
0.165692	0.63921
0.803879	1.647517
0.021684	2.295208
0.680472	1.887809
0.041262	1.17566
0.347699	0.665478
0.582679	1.81782
0.54855	1.515876
0.609217	1.235136
0.571947	1.394618
0.617032	1.561496
0.667824	1.656688
0.991333	3.408318
0.718682	1.291296
0.792716	1.690697
0.387399	0.639052
0.55439	1.118667
0.643469	1.326862
0.582679	1.81782
0.023211	1.690161
0.018643	1.179958
0.014843	1.569148
0.018082	1.435418
0.54855	1.515876
0.56197	1.907688
0.61419	2.013486
0.897571	3.631917
0.711236	2.406799
0.045676	0.883745
0.522268	1.351193
0.033419	1.585114
0.533733	1.372198
0.015114	1.458543
0.536516	1.530403
0.020873	2.455172
0.020398	2.007162
0.646241	1.215802
0.55331	1.259816
0.532841	1.358266
0.362605	0.632687
0.549361	1.359256
0.066967	0.804647
0.763272	2.951339
0.870882	1.755064
0.585215	1.382169
0.153473	0.549155
0.839774	3.185609
0.033214	1.298631
0.839774	3.185609
0.538078	1.59773
0.027597	1.266095
0.570615	1.477107
0.389807	0.650795
0.021889	1.483017
0.56197	1.907688
0.010418	2.740713
0.022487	1.875434
0.015751	2.557063
0.019514	1.910519
0.025131	1.076434
0.820145	1.682445
0.023408	2.272649
0.026127	2.077851
0.549361	1.359256
0.198435	0.551577
0.184697	0.602929
0.039163	1.085036
0.584466	2.007948
0.585215	1.382169
0.021889	1.483017
0.023633	2.141077
0.274356	0.6536
0.596531	1.336099
0.332661	0.661789
0.074899	0.66368
0.011093	1.302919
0.103849	0.681338
0.048738	1.078494
0.609217	1.235136
0.066331	0.887069
0.256729	0.598424
0.535266	1.617356
0.026239	2.162942
0.028037	1.262448
0.820145	1.682445
0.251288	0.569174
0.019358	2.332016
0.05904	0.83181
0.031132	1.352892
0.622561	0.800537
0.715794	2.977436
0.269033	0.598797
0.06112	0.739889
0.451771	0.690732
0.237437	0.628709
0.56509	1.65614
0.182125	0.643402
0.215877	0.649386
0.683475	1.350096
0.049282	1.048542
0.024665	1.849599
0.718682	1.291296
0.015981	1.252174
0.532656	1.816176
0.02335	1.58764
0.19902	0.631808
0.078249	0.629028
0.565853	1.581398
0.018887	1.560588
0.011293	2.632908
0.046448	0.957079
0.570615	1.477107
0.628863	2.390379
0.02536	2.089486
0.229088	0.643619
0.031742	1.63703
0.0347	0.901938
0.999908	3.068539
0.371096	0.646273
0.542212	1.581755
0.59067	1.951228
0.560964	1.427767
0.093743	0.597056
0.016162	2.491547
0.667419	2.110957
0.522268	1.351193
0.611307	1.350803
0.010089	2.781691
0.056512	0.968701
0.62515	2.181912
0.013934	1.642593
0.023451	1.139756
0.015641	2.437844
0.832417	2.877565
0.010908	2.699956
0.225369	0.590854
0.687754	1.339079
0.628184	1.913682
0.018321	1.710334
0.558003	1.543734
0.000846	2.863612
0.238144	0.652719
0.02713	1.537241
0.013397	1.501441
0.052223	0.784647
0.306555	0.665998
0.21351	0.618984
0.022945	1.948446
0.672963	1.348676
0.066967	0.804647
0.035627	1.323123
0.01863	1.232392
0.020398	2.007162
0.024642	1.560073
0.069428	0.863372
0.019006	1.814675
0.024793	2.057438
0.049431	1.037818
0.030214	1.741253
0.089611	0.61675
0.018515	1.396667
0.580961	1.703948
0.688378	1.292089
0.55641	1.315087
0.581967	1.134475
0.033214	1.298631
0.02746	1.456261
0.010987	1.674214
0.025255	1.315729
0.019847	1.838223
0.293498	0.658686
0.54863	1.475545
0.668741	1.644373
0.03716	1.034571
0.027556	1.809662
0.027432	1.978354
0.018441	1.940466
0.015114	1.458543
0.033474	0.988741
0.39973	0.66178
0.133502	0.568059
0.598813	1.300279
0.610497	1.299284
0.55641	1.315087
0.359732	0.657198
0.095474	0.765123
0.503737	0.7285
0.054421	0.96925
0.784216	2.381329
0.574823	1.760396
0.176945	0.634403
0.018321	1.710334
0.013397	1.501441
0.089022	0.656322
0.026735	1.131898
0.583596	1.422109
0.037182	0.937006
0.028119	1.649839
0.025538	1.611479
0.38508	0.661887
0.532656	1.816176
0.028989	1.23235
0.025538	1.611479
0.027432	1.978354
0.042158	0.978025
0.01912	2.534242
0.030214	1.741253
0.413094	0.67374
0.574477	1.671963
0.24428	0.647876
0.02764	1.053649
0.010908	2.699956
0.568004	1.501529
0.022487	1.875434
0.02197	1.093784
0.093538	0.737248
0.086342	0.718288
0.629405	2.021662
0.345508	0.653974
0.059327	0.904505
0.047991	0.98508
0.199454	0.632225
0.069727	0.739414
0.011707	2.643444
0.62515	2.181912
0.036362	1.069953
0.022221	1.516458
0.031068	1.244623
0.036594	1.104442
0.28592	0.591653
0.076274	0.716732
0.034043	1.200555
0.276013	0.644126
0.280516	0.578007
0.547004	1.381696
0.027188	1.353863
0.583596	1.422109
0.041433	1.062118
0.25424	0.647847
0.357853	0.613919
0.084095	0.773659
0.011093	1.302919
0.558636	1.259326
0.046152	0.998688
0.832417	2.877565
0.015901	1.341075
0.594223	1.681877
0.021684	2.295208
0.021159	2.035579
0.05471	0.811687
0.062953	0.780986
0.052972	1.019903
0.240633	0.585092
0.0238	1.288968
0.036097	1.216
0.239144	0.625309
0.803879	1.647517
0.026219	1.778272
0.552274	1.461424
0.022383	2.350352
0.310454	0.613323
0.174744	0.625407
0.019845	1.690044
0.321432	0.608392
0.203602	0.580015
0.376614	0.669254
0.141839	0.547869
0.025773	1.317437
0.09803	0.662756
0.018411	1.430579
0.255432	0.636064
0.030951	1.474389
0.050481	0.916383
0.164595	0.62971
0.213228	0.623099
0.04391	1.019068
0.321619	0.658933
0.087201	0.691153
0.102005	0.713007
0.200993	0.60664
0.081799	0.61991
0.095474	0.765123
0.026819	1.419954
0.419008	0.67176
0.565856	1.793687
0.023633	2.141077
0.226054	0.591453
0.023727	1.382046
0.153708	0.595214
0.176165	0.613693
0.077962	0.651506
0.612927	1.202367
0.050873	0.844401
0.294667	0.619899
0.029944	1.177922
0.096595	0.599997
0.036862	1.01007
0.019403	1.282905
0.218191	0.638502
0.628863	2.390379
0.640614	1.246526
0.115664	0.692136
0.360096	0.634524
0.118323	0.682581
0.011935	2.503162
0.018997	1.230661
0.59067	1.951228
0.126643	0.654128
0.025638	2.037334
0.040474	0.918895
0.243808	0.607433
0.020221	2.400388
0.019673	2.430458
0.072789	0.741554
0.0347	0.901938
0.122589	0.585904
0.28926	0.651021
0.140823	0.638627
0.255966	0.576403
0.025449	1.577477
0.560192	1.809026
0.053022	0.90585
0.095568	0.639413
0.068474	0.783765
0.156013	0.619165
0.224875	0.564912
0.849038	2.076529
0.10101	0.702096
0.574899	1.712979
0.029468	1.120024
0.074849	0.773819
0.128181	0.648475
0.104848	0.678054
0.03197	1.049222
0.074277	0.765784
0.025815	1.374223
0.029126	1.416635
0.276785	0.616439
0.501673	1.539086
0.114194	0.665977
0.06272	0.841783
0.259825	0.583946
0.020112	1.206073
0.153161	0.570371
0.079247	0.719953
0.02707	1.167923
0.311425	0.648288
0.052213	0.861591
0.031909	1.787352
0.201517	0.558602
0.10536	0.623419
0.023824	1.509379
0.027927	1.535056
0.351011	0.637245
0.027363	1.66553
0.577872	1.675062
0.254139	0.619126
0.112842	0.57316
0.65415	1.269441
0.065256	0.862624
0.069453	0.837528
0.325512	0.651377
0.395716	0.669898
0.030757	1.097883
0.047634	0.936301
0.173949	0.600234
0.304872	0.615218
0.18793	0.623696
0.041547	0.9561
0.072681	0.822909
0.55009	1.380184
0.26689	0.597603
0.332283	0.640106
0.079682	0.798108
0.021336	2.188499
0.223161	0.613226
0.12102	0.610899
0.1127	0.589852
0.144141	0.612173
0.264889	0.623954
0.034594	1.010758
0.341465	0.624508
0.01531	1.348414
0.095375	0.634318
0.049379	1.069993
0.01955	2.467168
0.162739	0.618482
0.146989	0.63789
0.033087	1.15736
0.24935	0.614273
0.04131	1.142512
0.049714	0.881202
0.236532	0.565496
0.112612	0.596997
0.177883	0.559719
0.010089	2.781691
0.337289	0.641056
0.10162	0.657765
0.211748	0.560759
0.216744	0.564101
0.284095	0.64394
0.20904	0.597295
0.312825	0.64605
0.264752	0.647346
0.153022	0.597491
0.091903	0.697892
0.020112	1.206073
0.35979	0.656022
0.021336	2.188499
0.214109	0.589315
0.136522	0.575312
0.265817	0.629807
0.111411	0.665024
0.321239	0.632376
0.057238	0.940466
0.131759	0.60272
0.056258	0.873334
0.202643	0.577441
0.193396	0.593057
0.180721	0.579492
0.14683	0.609807
0.057523	0.811421
0.14	0.588434
0.086763	0.741639
0.16802	0.587669
0.144184	0.55972
0.032531	0.963918
0.133138	0.610446
0.106347	0.650369
0.632079	0.806395
0.233768	0.607508
0.320924	0.624043
0.181882	0.586024
0.586413	1.12659
0.034404	1.145854
0.126171	0.584178
0.104919	0.605303
0.369244	0.648538
0.348814	0.642448
0.128482	0.625128
0.285856	0.631019
0.2247	0.621546
0.193778	0.587183
0.298289	0.634994
0.081945	0.742321
0.17859	0.554869
0.283318	0.61582
0.150077	0.562075
0.12102	0.610899
0.303747	0.633983
0.080363	0.804553
0.238605	0.571052
0.120075	0.63391
0.189331	0.56305
0.190077	0.620375
0.113092	0.637609
0.164391	0.593687
0.167245	0.560763
0.165538	0.562773
0.189725	0.562559