0.271494	0.575937
0.119419	0.539215
0.196301	0.452236
0.389115	0.662074
0.171607	0.681822
0.162752	0.571703
0.022999	0.926397
0.485044	0.71291
0.404604	0.628355
0.314003	0.559856
0.074651	0.560539
0.085619	0.415693
0.057214	0.818065
0.107111	0.385474
0.070235	0.695574
0.042457	0.709109
0.8916	0.958789
0.000406	1.339568
0.361352	0.580569
0.762441	0.875033
0.513287	0.721188
0.056521	0.616554
0.265088	0.50935
0.091521	0.626932
0.00546	0.570295
0.008302	1.306535
0.653875	0.823263
0.150217	0.623301
0.330744	0.662736
0.026723	0.204115
0.293187	0.546976
0.040592	0.556881
0.307935	0.561303
0.001344	0.772978
0.583847	0.756673
0.001261	0.672171
0.140013	0.403859
0.815631	0.909566
0.101203	0.445529
0.068388	0.431797
0.21145	0.486593
0.95085	0.969979
0.032233	0.38414
0.665009	0.823121
0.119387	0.354425
0.358974	0.626024
0.01087	1.021892
0.242598	0.645935
0.043686	0.397955
0.343693	0.578857
0.04909	0.540297
0.048041	0.351967
0.053325	0.664647
0.815395	0.913148
0.093933	0.657799
0.033047	1.030255
0.044293	0.469757
0.343693	0.578857
0.059071	0.600759
0.01076	0.230144
0.467878	0.735915
0.111508	0.340864
0.021542	0.631704
0.752024	0.8815
0.10954	0.382643
0.074705	0.356523
0.018235	0.664497
0.203243	0.584632
0.11507	0.772809
0.589093	0.773995
0.068595	0.42373
0.444592	0.660888
0.210258	0.619311
0.851206	0.933221
0.546536	0.738902
0.651304	0.799118
0.39137	0.620694
0.152352	0.456066
0.031664	0.495607
0.135738	0.636972
0.082569	0.859617
0.093865	0.400896
0.017791	0.449875
0.05919	0.938269
0.038325	0.620216
0.087021	0.44321
0.8022	0.907507
0.264839	0.519972
0.082799	0.438126
0.197163	0.528518
0.17159	0.628449
0.067627	0.596188
0.008065	1.186801
0.018681	1.140973
0.078379	0.584893
0.002945	0.722092
0.118426	0.413148
0.047826	0.522186
0.015359	0.211586
0.054206	0.322771
0.775327	0.881397
0.100759	0.515581
0.061326	0.540052
0.580388	0.79182
0.351131	0.673818
0.193138	0.548872
0.247999	0.523077
0.051286	0.345087
0.01564	1.163447
0.184405	0.447473
0.011416	0.579783
0.063011	0.262137
0.077751	0.340037
0.076855	0.584068
0.097921	0.569167
0.514496	0.718241
0.064977	0.313616
0.174074	0.566192
0.162167	0.571844
0.064358	0.376711
0.669786	0.843439
0.215151	0.571398
0.789577	0.896053
0.003584	0.419616
0.330312	0.721516
0.054114	0.497129
0.056021	0.880629
0.046245	0.827363
0.840008	0.921573
0.661934	0.814865
0.111851	0.793469
0.0225	0.676456
0.021628	0.579071
0.000919	1.238294
0.009317	0.286823
0.058409	0.478271
0.108521	0.427643
0.336108	0.630341
0.14174	0.579281
0.014048	0.823024
0.013384	0.770668
0.014211	0.191476
0.079705	0.425492
0.195448	0.739344
0.007198	0.951232
0.80101	0.901424
0.913138	0.95023
0.556048	0.751955
0.042457	0.709109
0.486889	0.70608
0.100475	0.594446
0.073403	0.77731
0.72723	0.84357
0.047872	0.585604
0.380308	0.710702
0.321088	0.58492
0.1934	0.472607
0.088706	0.75701
0.344544	0.603918
0.046674	0.745121
0.06227	0.914808
0.041809	0.26991
0.54131	0.734311
0.517993	0.761786
0.086447	0.878207
0.088706	0.75701
0.569359	0.769098
0.093865	0.400896
0.628805	0.804185
0.012116	0.873797
0.073849	0.280068
0.138407	0.984785
0.036538	0.639808
0.093694	0.843914
0.164174	0.500229
0.400643	0.651203
0.007828	0.359193
0.073561	0.821869
0.040909	0.907194
0.156655	0.423801
0.305224	0.580591
0.266024	0.645576
0.230063	0.56606
0.077253	0.459415
0.007439	0.241065
0.957974	0.984146
0.001767	1.186217
0.242643	0.498061
0.808773	0.889048
0.019258	0.291158
0.07481	0.282932
0.18675	0.580688
0.867952	0.932566
0.063296	0.579785
0.094382	0.378172
0.447225	0.74689
0.086475	0.538597
0.750349	0.86735
0.404604	0.628355
0.241629	0.568661
0.296362	0.564228
0.035112	0.466692
0.032237	0.540466
0.069338	0.499048
0.105406	0.844963
0.007663	0.83224
0.218781	0.603843
0.083928	0.388206
0.201612	0.56919
0.032491	0.314119
0.017175	0.31098
0.008536	0.309992
0.132321	0.374272
0.411735	0.648805
0.364804	0.608988
0.049604	0.582116
0.740051	0.874033
0.122795	0.439904
0.264704	0.594005
0.001406	0.539161
0.067952	0.338978
0.223719	0.475774
0.761213	0.870448
0.306318	0.62007
0.607104	0.775237
0.119252	0.539617
0.054119	0.444222
0.028052	0.432454
0.320233	0.586829
0.02374	0.449514
0.688998	0.835934
0.030199	0.358703
0.052378	0.43045
0.218781	0.603843
0.737014	0.862299
0.014368	1.116657
0.271121	0.528634
0.020176	0.473067
0.103376	0.409415
0.011856	0.909733
0.035498	0.597697
0.018418	0.516917
0.412753	0.668882
0.012774	0.398562
0.147554	0.432175
0.037236	0.593594
0.391098	0.640567
0.101226	0.681813
0.178355	0.436649
0.412034	0.654692
0.144863	0.43295
0.463957	0.687464
0.018802	0.504209
0.087826	0.323208
0.021634	0.473233
0.101226	0.681813
0.107319	0.407705
0.10879	0.552934
0.021542	0.631704
0.231822	0.489387
0.152516	0.391267
0.497846	0.712554
0.884605	0.934742
0.200006	0.636847
0.073547	0.480777
0.039153	0.430626
0.06054	0.562068
0.063304	0.545109
0.273916	0.551737
0.002131	1.054735
0.630147	0.786002
0.917887	0.958265
0.17812	0.424872
0.210258	0.619311
0.359223	0.616093
0.099873	0.487961
0.595174	0.794845
0.030359	0.319445
0.1037	0.363218
0.130946	0.471225
0.215151	0.571398
0.772628	0.886212
0.172496	0.471323
0.618691	0.789332
0.094212	0.428521
0.031158	1.010178
0.153086	0.491618
0.861173	0.927416
0.001681	1.376239
0.046215	0.955335
0.001578	1.213394
0.055669	0.400034
0.787387	0.89123
0.006064	1.246747
0.023071	0.833917
0.71633	0.857596
0.066335	0.873284
0.717893	0.852049
0.265884	0.598865
0.200082	0.485934
0.731301	0.856976
0.330768	0.59133
0.02433	0.820189
0.013508	0.262335
0.131852	0.792749
0.014191	0.250276
0.034846	0.806891
0.030776	0.334838
0.003226	1.082145
0.110941	0.595875
0.152976	0.577117
0.463957	0.687464
0.414908	0.713419
0.028728	0.989064
0.121299	0.558992
0.143127	0.610787
0.041045	0.370334
0.156655	0.423801
0.058252	0.408458
0.066662	0.452852
0.526498	0.717426
0.536007	0.742143
0.377308	0.617938
0.114791	0.515285
0.122413	0.588067
0.898814	0.944203
0.244414	0.532188
0.066025	0.337076
0.305876	0.59301
0.031087	0.704514
0.002743	1.103939
0.009019	1.220538
0.014044	0.420988
0.062246	0.518718
0.026723	0.204115
0.126457	0.443696
0.074096	0.549022
0.121684	0.676687
0.17153	0.55525
0.900637	0.947503
0.224286	0.479575
0.011254	1.20806
0.05448	0.776218
0.028426	0.507058
0.423109	0.663641
0.423158	0.660459
0.016366	1.115936
0.050616	0.250326
0.134991	0.506645
0.026181	0.764583
0.146257	0.537961
0.38324	0.641297
0.508955	0.743234
0.112398	0.424726
0.087415	0.348074
0.042242	0.371529
0.265208	0.706165
0.10019	0.323723
0.019811	0.345377
0.827586	0.912368
0.068782	0.870086
0.034138	0.241403
0.065724	0.799464
0.244947	0.548746
0.032294	0.411252
0.01978	1.059513
0.073655	0.697352
0.9685	0.991127
0.062598	0.749226
0.019632	0.372482
0.032965	0.472251
0.640089	0.805048
0.075297	0.626443
0.572186	0.756554
0.185592	0.566656
0.438817	0.67797
0.277233	0.592562
0.04918	0.296332
0.077389	0.315631
0.047226	0.773795
0.045409	0.799565
0.005794	1.054309
0.044872	0.926064
0.59814	0.780236
0.05807	0.75516
0.04539	0.26574
0.032756	0.850791
0.025394	0.354477
0.686213	0.830571
0.037967	0.345531
0.523596	0.734452
0.199939	0.45504
0.460196	0.725536
0.050877	0.891378
0.152012	0.57021
0.332634	0.611131
0.065129	0.290165
0.061246	0.791775
0.453463	0.715167
0.092321	0.518169
0.085017	0.388542
0.843163	0.912329
0.082273	0.533965
0.253096	0.585052
0.057801	0.26766
0.068909	0.501042
0.16229	0.442676
0.027596	0.79066
0.045808	0.299021
0.293703	0.600963
0.500375	0.709847
0.129958	0.396751
0.233192	0.517147
0.829096	0.920159
0.153116	0.396631
0.066261	0.397994
0.320502	0.611883
0.029702	0.284232
0.175469	0.534367
0.023201	0.808655
0.041282	0.965792
0.068602	0.398834
0.31006	0.611454
0.234693	0.519869
0.959632	0.980531
0.010251	0.863706
0.28258	0.56421
0.703089	0.846791
0.035373	0.252998
0.05597	0.912992
0.639532	0.803714
0.996944	0.996199
0.000815	1.168118
0.143736	0.558295
0.346237	0.625772
0.061053	0.373526
0.055387	0.487991
0.210792	0.760832
0.117379	0.584859
0.077389	0.315631
0.06224	0.51925
0.021283	0.86532
0.126875	0.518337
0.080981	0.794909
0.965773	0.971619
0.020024	0.394797
0.009119	0.332814
0.033172	0.851622
0.974938	0.989803
0.078025	0.50996
0.006394	1.261618
0.000406	1.339568
0.022529	1.148193
0.018422	0.951154
0.678142	0.825807
0.079313	0.512524
0.235825	0.592588
0.057328	0.821844
0.099644	0.341098
0.141088	0.450579
0.034324	0.823021
0.704811	0.83934
0.019565	1.166338
0.186654	0.492851
0.099383	0.359199
0.001292	1.010277
0.006787	1.035634
0.002936	1.083368
0.144754	0.504776
0.078698	0.75368
0.03471	0.911048
0.345787	0.617656
0.175052	0.481356
0.006626	0.345017
0.312095	0.600682
0.15553	0.521697
0.022446	1.061727
0.03902	0.768398
0.129958	0.396751
0.077342	0.483594
0.046396	0.803181
0.008487	0.975669
0.035534	0.411206
0.202629	0.531875
0.09045	0.370369
0.043952	0.866043
0.995332	0.995608
0.054333	0.859154
0.046329	0.930692
0.015552	1.077852
0.160823	0.457688
0.194122	0.551712
0.092991	0.495036
0.012126	0.196109
0.077212	0.927124
0.036662	0.759349
0.878326	0.931483
0.07256	0.741964
0.00096	1.126886
0.020877	1.019687
0.016231	0.854905
0.06021	0.300764
0.002001	1.034434
0.187399	0.498794
0.928626	0.963022
0.129511	0.544025
0.027429	0.789779
0.099043	0.58307
0.133091	0.590751
0.114396	0.520805
0.277233	0.592562
0.186217	0.522974
0.849948	0.924777
0.023859	0.9935
0.981567	0.990403
0.331786	0.609257
0.005398	1.149686
0.207237	0.531754
0.13914	0.453418
0.011231	0.923015
0.165484	0.536029
0.135889	0.587125
0.208417	0.554193
0.943957	0.970475
0.037799	0.392981
0.013511	1.094433
0.167021	0.49034
0.006936	1.14672
0.535512	0.75944
0.00739	0.95394
0.293044	0.587303
0.323705	0.622571
0.075973	0.791575
0.047616	0.829813
0.024442	0.903611
0.0224	0.284303
0.024434	0.398337
0.05183	0.378158
0.940817	0.971824
0.294911	0.578845
0.068465	0.820187
0.085404	0.478245
0.132333	0.532595
0.111845	0.487381
0.143736	0.558295
0.089278	0.487817
0.244445	0.562284
0.000935	1.117272
0.090282	0.786429
0.582621	0.75058
0.923968	0.959481
0.053468	0.846872
0.03299	1.038086
0.114067	0.573475
0.279318	0.563459
0.01756	0.943884
0.221943	0.514632
0.032471	0.889781
0.020512	1.008426
0.213156	0.530385
0.127144	0.491844
0.032878	0.921009
0.986454	0.996348
0.126562	0.565807
0.019918	0.892596
0.043229	0.983066
0.251927	0.563304
0.058117	0.94729
0.024538	1.041118
0.108667	0.46045
0.001527	1.272008
0.142144	0.492349
0.054766	0.31659
0.003457	1.003902
0.234664	0.545663
0.166852	0.549906
0.182759	0.547957
0.234669	0.541235
0.017591	1.039078
0.220151	0.518172
0.036021	0.831777
0.020834	0.930921
0.025855	0.969212
0.097751	0.467424
0.013795	0.970389
0.047046	0.889598
0.097692	0.458256
0.205679	0.492005
0.134285	0.369389
0.063796	0.846977
0.078436	0.458567
0.172826	0.511744
0.263142	0.56178
0.124234	0.491063
0.154317	0.513089
0.072828	0.847897
0.158734	0.472317
0.010387	0.998428
0.259061	0.542635
0.02826	0.880915
0.207572	0.511541
0.255619	0.537445
0.013019	0.994056
0.109283	0.532822
0.109844	0.459587
0.204997	0.462624
0.030693	0.941588
0.10965	0.483697
0.155051	0.557231
0.154143	0.496307
0.208417	0.554193
0.133953	0.562927
0.078703	0.613384
0.174864	0.505133
0.110374	0.551358
0.161974	0.479697
0.20084	0.50987
0.009514	0.793433
0.122591	0.459942
0.195258	0.504571
0.223415	0.551409
0.042142	0.876846
0.224036	0.545556
0.143241	0.476064
0.141179	0.47203
0.028984	0.954523
0.268536	0.56878
0.126198	0.465808
0.474586	0.682516
0.156935	0.550593
0.187779	0.519328
0.140169	0.53106